112
92
76
83
91
95
96
98
103
109
114
113
111
111
114
119
124
127
128
134
134
127
123
127
135
139
136
134
136
143
153
159
160
158
165
161
164
173
178
173
169
170
178
171
165
164
163
159
154
150
148
149
150
151
153
153
152
150
158
159
166
171
162
148
147
156
151
162
171
171
172
176
177
173
165
167
164
156
154
157
155
150
152
150
151
154
151
144
139
139
140
140
140
136
122
111
116
128
120
114
107
106
108
108
104
100
94
91
84
75
68
65
66
67
81
86
91
93
94
98
106
112
115
114
113
114
117
122
128
131
130
133
134
132
133
139
142
141
128
132
139
149
158
163
163
161
173
166
164
169
173
173
174
178
173
168
162
160
160
159
157
157
152
153
153
149
145
146
150
155
156
157
161
165
163
156
154
155
164
173
178
178
179
181
180
176
174
172
168
164
167
171
166
157
157
155
158
162
161
156
152
153
148
146
143
136
122
110
111
118
121
116
110
106
106
105
102
100
95
91
84
77
71
67
63
62
83
86
89
90
92
97
106
112
114
114
114
116
120
126
132
135
136
138
138
138
143
148
147
142
133
140
151
160
164
166
166
166
178
173
170
172
174
174
175
177
180
178
174
169
164
159
156
154
155
157
156
150
145
145
154
162
163
162
160
160
167
175
176
172
178
183
186
185
185
185
181
176
182
178
172
172
178
181
174
164
162
161
163
167
166
160
157
158
161
156
150
142
132
121
118
120
122
119
114
108
104
101
99
98
95
90
83
78
74
68
61
56
80
83
86
89
92
98
105
110
114
114
115
118
122
128
134
137
144
147
147
145
147
150
150
147
148
154
160
163
161
162
165
169
180
181
182
184
183
178
174
171
187
191
191
184
175
170
167
164
162
164
165
163
159
157
158
161
174
175
170
164
170
185
191
187
190
192
193
194
194
191
184
177
188
185
181
180
181
181
175
168
168
166
166
168
164
156
151
150
164
158
151
146
141
135
130
127
122
121
119
114
107
101
98
96
95
88
79
74
72
68
61
55
79
82
87
93
98
103
107
110
118
119
120
123
127
133
138
140
148
154
156
152
149
153
159
161
160
162
162
159
155
157
166
174
186
189
192
192
190
187
184
181
188
195
195
186
179
182
190
194
182
183
184
185
182
171
157
146
163
175
181
179
181
192
198
196
209
207
206
210
212
207
199
192
200
198
196
191
185
178
174
174
175
172
171
171
166
157
151
150
158
152
146
141
141
139
133
126
122
123
123
120
113
106
101
99
96
87
76
70
69
67
63
58
79
82
89
96
103
108
112
114
125
125
126
129
132
136
140
142
145
153
158
155
153
159
168
173
167
168
166
163
161
166
177
186
191
194
194
190
189
193
197
197
194
201
197
181
171
180
196
206
203
204
206
208
203
185
159
139
139
161
186
201
208
215
221
224
227
219
214
218
223
222
217
213
214
212
208
201
188
177
175
178
176
173
173
174
171
162
157
156
152
149
143
138
138
138
132
123
120
120
118
116
113
109
105
103
98
90
79
71
68
66
63
61
78
80
85
93
101
109
114
117
127
128
128
130
132
135
137
139
138
145
151
151
154
161
166
167
166
168
170
171
172
176
183
189
188
193
193
187
185
189
193
193
188
200
201
184
171
176
189
196
204
209
216
220
216
199
177
161
146
164
190
213
222
226
234
243
229
214
202
205
214
219
221
223
221
213
205
197
186
174
170
173
165
163
164
166
163
155
150
150
143
143
138
133
133
134
129
120
113
108
101
99
100
102
102
101
101
96
88
79
71
65
62
60
76
77
79
86
96
106
114
117
126
126
127
127
129
131
132
134
134
139
143
146
152
158
157
152
157
161
167
172
174
175
176
177
181
189
193
188
183
182
180
175
166
189
202
193
181
181
187
189
192
202
214
223
221
212
200
191
180
184
196
210
213
212
220
233
221
200
183
184
195
205
213
220
220
207
195
188
180
169
163
164
152
150
150
152
149
141
135
135
128
130
128
123
124
127
123
115
105
95
85
81
85
92
96
96
104
101
95
86
74
65
60
58
67
60
66
86
103
108
114
122
126
115
117
129
130
120
120
130
131
132
135
138
142
148
155
160
155
157
162
166
164
158
158
162
175
176
179
186
191
190
185
179
174
189
185
177
188
198
188
177
176
197
207
199
196
206
217
217
194
183
187
195
192
195
206
211
207
189
167
159
167
182
193
198
192
193
191
185
176
168
166
166
162
150
140
138
133
122
113
110
118
115
112
109
106
102
98
94
78
76
73
71
70
71
72
73
88
87
87
85
81
72
62
55
55
54
67
92
109
112
112
116
114
105
102
107
106
100
102
110
124
123
122
122
126
132
140
145
148
147
150
154
155
154
160
167
169
169
170
173
176
177
177
176
165
176
174
173
187
195
190
185
181
191
195
190
187
190
190
185
185
177
180
183
179
185
198
201
189
179
167
161
163
167
168
167
162
160
157
150
142
134
130
129
116
110
109
115
116
109
102
99
95
89
82
76
72
71
69
68
67
65
62
58
55
54
53
53
46
53
65
76
79
73
62
53
64
66
79
99
109
103
95
93
77
75
73
72
73
77
82
85
82
86
92
98
101
102
101
100
108
104
103
105
107
111
121
130
136
136
136
137
139
144
151
156
153
158
157
163
178
183
180
185
187
186
188
193
197
196
190
183
183
179
181
177
168
176
187
186
169
165
159
155
151
147
143
140
131
127
120
113
106
100
94
90
93
88
85
88
89
84
79
77
66
66
70
77
86
94
99
101
96
93
88
82
75
69
64
62
48
47
46
49
55
61
65
67
80
78
81
87
86
75
64
60
58
65
66
63
66
74
76
71
70
72
76
80
83
83
81
78
84
79
74
75
77
80
88
97
96
99
101
103
107
115
125
134
141
141
140
150
164
162
161
172
171
166
167
177
184
182
177
175
183
181
182
173
161
164
169
162
148
145
139
132
126
123
123
124
109
102
93
86
82
77
71
66
81
74
66
63
63
65
67
69
77
85
100
118
134
143
146
146
141
138
133
125
116
107
99
95
89
76
58
45
43
49
59
66
69
64
60
59
58
54
53
54
77
89
96
94
96
101
96
85
95
87
77
70
68
69
70
70
72
66
62
63
63
63
67
72
76
81
86
90
94
101
109
116
127
126
126
137
150
146
146
160
168
164
164
168
170
166
164
166
171
167
170
165
153
150
148
136
127
125
121
114
107
103
103
105
89
83
74
68
65
63
59
56
56
56
57
61
70
82
92
97
125
130
137
145
150
150
145
141
151
149
145
139
132
125
119
116
110
102
89
75
64
54
47
42
47
46
46
50
58
68
79
86
96
108
120
126
131
137
133
125
121
117
111
105
98
88
76
67
67
61
57
57
57
53
51
53
66
69
75
79
83
86
89
92
109
113
115
126
140
139
140
153
167
169
171
172
173
174
176
178
163
153
156
161
153
145
138
126
119
119
118
114
106
98
92
89
80
75
69
65
64
64
65
65
62
72
85
98
112
126
133
134
151
148
145
142
142
140
138
136
136
135
133
130
128
125
124
123
114
110
104
94
82
67
52
43
46
52
60
70
82
95
105
111
111
118
128
137
145
150
152
151
149
149
150
150
147
136
120
108
102
94
87
84
80
72
66
65
63
64
67
72
77
80
80
79
94
104
108
116
131
134
135
144
145
154
160
161
168
178
181
176
169
148
148
161
158
145
135
127
118
118
116
113
107
99
90
84
81
79
77
74
73
77
82
87
95
107
120
128
137
145
147
143
142
139
135
133
135
138
141
142
128
126
124
122
121
121
121
121
116
112
106
100
92
83
73
67
58
68
81
92
100
106
109
108
134
133
134
139
142
144
147
151
157
149
140
138
142
147
150
149
136
126
116
109
101
89
81
78
72
71
73
79
86
90
90
88
85
99
104
109
123
128
128
133
140
152
158
159
169
184
182
170
176
147
143
160
158
141
130
124
114
111
106
101
98
93
88
84
82
82
82
80
80
85
94
101
111
120
125
124
126
132
133
129
132
131
129
129
130
130
128
126
126
123
119
115
113
112
112
112
110
111
113
113
108
98
86
77
89
96
106
113
117
121
124
127
135
130
129
133
132
127
130
137
137
137
148
152
141
139
145
145
139
145
132
115
115
113
98
89
81
81
87
85
74
78
86
83
85
90
96
103
112
123
131
134
140
149
155
157
165
176
177
171
161
153
147
149
154
149
134
120
117
109
101
97
94
89
84
81
86
80
81
92
100
99
99
102
103
100
107
104
102
103
102
111
104
104
102
98
99
102
106
107
106
106
113
120
118
111
111
118
111
110
110
110
109
104
95
89
101
108
117
123
125
125
126
127
114
118
125
131
130
124
120
120
119
119
121
115
109
115
121
115
101
105
102
97
89
77
76
89
93
83
84
85
74
70
76
76
83
86
91
95
101
109
116
120
132
141
148
154
166
180
182
175
167
156
145
142
143
137
122
109
103
98
94
92
90
88
87
87
84
87
90
90
85
77
75
76
69
67
72
75
83
93
92
92
98
95
87
76
69
69
70
70
84
87
95
104
109
108
108
109
110
109
109
111
111
107
101
96
108
113
119
122
122
119
117
116
112
113
111
105
99
95
88
82
75
81
85
85
92
106
112
108
136
113
88
81
85
85
77
70
68
61
75
94
94
89
88
85
80
81
84
87
91
96
103
108
123
133
142
152
169
186
187
179
167
155
141
134
130
123
110
99
90
90
89
86
85
86
88
90
93
90
84
75
71
73
74
73
89
88
81
79
91
108
116
112
127
123
111
92
80
77
75
73
60
65
70
76
86
98
103
104
107
107
108
110
112
111
107
104
112
113
114
114
112
109
106
104
109
99
81
66
64
71
72
67
88
93
94
94
93
85
78
81
94
98
96
80
68
76
88
87
97
85
83
85
84
89
93
86
82
80
80
83
87
91
96
102
117
128
139
151
169
186
186
177
159
149
137
129
123
116
105
96
86
90
89
85
82
86
92
95
93
87
77
73
82
91
87
76
75
80
64
53
51
58
69
61
59
62
60
55
57
67
73
71
63
66
64
60
65
81
95
100
104
105
106
109
110
111
110
109
120
117
114
110
107
104
102
101
87
73
55
49
58
71
73
68
53
54
50
49
42
16
9
31
22
7
12
28
37
55
72
72
83
85
92
95
97
108
106
85
96
87
81
84
87
88
90
94
109
121
134
146
162
176
175
165
152
145
135
127
120
111
100
92
88
92
92
86
86
95
105
108
94
93
90
88
90
89
80
69
61
70
45
29
14
10
32
29
6
13
16
18
29
45
49
42
68
70
68
61
59
69
82
91
99
101
104
107
109
109
110
110
124
120
113
108
103
100
96
93
76
63
53
55
59
56
49
44
44
47
37
32
32
14
18
55
141
57
14
33
56
72
82
76
62
66
78
91
104
127
138
127
117
99
85
86
90
87
83
82
96
111
127
138
151
163
162
153
149
144
135
124
114
103
93
86
89
94
92
88
94
112
127
131
119
112
101
85
71
68
81
98
119
107
53
32
22
29
81
98
21
26
29
33
51
71
70
57
47
48
51
56
58
63
74
85
92
97
102
106
108
109
111
112
126
121
115
109
104
96
88
82
75
60
52
53
48
37
38
49
84
93
66
35
28
14
8
31
62
21
13
32
52
107
173
198
143
104
75
66
69
95
137
164
136
110
90
91
96
92
83
79
83
103
123
134
145
155
156
150
146
140
129
117
105
94
87
84
94
96
93
90
103
128
146
149
133
110
87
78
78
92
127
163
174
135
51
27
22
25
77
89
4
11
19
36
71
107
114
100
52
38
34
45
53
54
62
75
85
92
100
107
110
112
114
116
129
126
121
116
109
99
86
77
65
48
39
41
39
39
67
103
125
143
107
55
42
30
10
12
7
14
36
44
68
148
207
196
176
124
93
91
82
80
111
146
145
116
93
96
104
100
89
83
76
99
122
134
144
154
157
154
142
135
123
109
97
89
86
86
99
100
95
91
107
136
154
157
116
84
69
91
123
149
181
210
209
159
68
50
37
8
20
4
25
29
32
48
87
126
132
116
95
62
39
43
48
44
48
61
80
88
99
108
112
114
117
119
129
127
124
118
107
90
73
61
39
41
45
50
59
71
84
92
116
130
123
88
55
43
36
27
54
53
49
56
87
121
127
114
98
93
93
94
88
81
92
109
145
127
109
103
107
104
90
75
74
93
117
134
139
142
146
151
139
131
122
111
98
87
85
89
97
104
102
100
122
149
147
126
81
81
86
93
96
99
112
126
146
140
109
63
41
44
41
26
34
36
51
84
119
132
119
100
80
82
78
66
51
43
46
53
60
73
87
99
110
120
124
124
130
126
118
108
95
80
66
56
55
56
57
58
61
68
76
82
85
93
99
95
82
73
79
90
106
113
114
106
101
105
107
103
98
97
103
112
112
107
113
125
135
123
110
107
108
103
87
73
77
93
113
126
131
131
133
135
131
125
118
110
98
86
83
85
96
103
104
105
121
145
153
146
131
124
117
110
101
94
96
103
103
107
98
81
77
87
89
81
77
72
71
80
95
101
95
86
79
76
72
66
61
59
61
62
65
74
84
93
104
116
124
125
134
127
116
104
94
84
75
70
79
79
78
77
76
77
81
84
81
78
89
107
104
91
101
127
115
125
134
129
115
103
101
104
104
102
108
119
125
124
128
135
124
118
112
110
107
98
83
70
81
91
105
116
121
120
117
116
121
116
111
106
96
85
80
81
89
94
98
101
111
128
144
152
154
144
130
119
107
98
96
99
92
96
100
102
107
114
118
117
104
98
91
87
88
90
91
91
91
84
78
78
83
86
84
81
82
86
88
91
100
113
122
125
134
129
121
114
109
105
102
100
98
99
100
99
97
98
100
102
106
100
107
121
116
99
104
125
108
109
116
126
127
120
113
111
116
108
105
112
119
122
125
129
117
115
111
107
100
90
77
68
81
87
96
106
112
112
108
104
113
107
102
98
91
82
79
80
88
89
92
97
102
110
125
139
142
133
122
114
109
107
106
107
112
111
112
115
115
113
115
119
110
109
108
107
107
107
106
106
108
101
95
96
102
105
101
96
103
103
101
98
103
113
120
121
128
125
123
122
122
122
121
119
109
111
112
113
112
113
115
117
119
121
126
130
125
117
119
127
131
127
129
136
139
132
123
118
126
117
111
114
120
122
121
119
115
112
106
98
89
80
71
66
74
78
86
96
104
107
104
101
109
101
93
89
85
79
78
81
91
88
91
98
103
106
116
127
134
129
122
115
112
112
111
109
118
118
122
128
126
119
119
124
123
121
121
123
124
122
116
111
116
112
110
110
112
112
109
106
112
112
109
106
110
117
119
117
121
120
121
123
124
124
122
119
115
117
117
117
116
117
119
122
118
127
132
130
128
130
132
130
139
144
148
147
141
136
135
136
130
127
126
130
135
133
123
115
112
107
98
88
79
72
68
66
68
72
80
90
98
103
103
102
105
96
88
85
82
78
78
81
86
85
87
94
99
104
110
117
129
131
130
126
123
123
121
118
118
125
136
145
145
138
135
136
139
133
129
128
131
131
127
123
124
124
124
124
123
122
120
119
110
111
109
109
114
121
121
116
122
122
122
124
126
125
123
120
121
122
122
121
120
121
124
127
126
131
136
137
137
138
138
136
141
152
156
148
141
143
145
143
135
134
134
136
138
135
125
116
106
99
89
80
73
70
67
66
72
77
85
92
98
102
105
106
101
93
86
85
83
79
77
78
78
82
85
86
88
96
104
108
117
127
135
136
135
137
136
133
130
141
152
156
156
155
155
154
154
149
144
141
141
142
141
140
136
134
133
133
133
131
127
123
111
111
110
110
116
122
121
116
128
127
128
129
131
131
129
127
127
127
127
126
126
128
133
136
138
138
143
151
152
148
148
152
167
172
167
152
148
152
144
130
141
137
132
128
128
128
122
116
100
93
83
76
72
70
67
65
79
85
92
98
102
105
108
110
98
91
86
87
85
80
76
75
78
87
90
83
81
90
101
105
110
125
138
140
140
142
141
138
143
153
158
156
156
165
172
173
170
168
165
159
153
149
147
146
142
137
133
133
133
130
122
115
117
116
112
111
116
122
121
115
130
133
135
133
128
124
124
125
129
131
132
132
132
133
135
138
138
141
146
149
153
158
163
167
169
166
157
147
141
140
136
131
124
133
140
138
132
125
115
107
100
88
77
71
68
65
65
68
84
90
100
106
109
108
106
105
102
92
85
84
81
74
73
76
77
83
89
88
84
86
96
106
108
113
124
138
150
155
152
148
154
156
160
165
169
169
166
163
175
169
163
160
157
153
155
160
148
142
135
134
135
134
130
125
119
119
120
123
127
126
121
117
124
127
131
132
131
130
131
132
130
132
133
133
133
134
136
139
148
151
153
155
157
159
163
166
165
163
156
149
148
152
152
149
141
144
144
141
137
131
118
106
93
84
74
67
62
60
66
74
89
96
104
110
112
112
111
111
101
92
86
84
80
73
70
72
76
80
85
85
84
86
94
102
117
123
131
137
142
147
153
158
166
165
164
165
167
167
165
163
172
164
155
152
150
148
150
155
159
154
147
141
138
134
128
123
139
132
123
118
117
120
121
122
122
125
129
132
133
133
135
136
132
133
135
135
134
135
138
140
144
148
152
156
160
164
169
172
164
163
157
151
151
156
158
155
153
150
144
138
135
129
114
99
87
80
71
64
58
60
72
86
91
96
103
108
109
109
109
109
102
96
90
87
82
75
69
68
72
75
78
80
83
87
93
97
114
125
137
140
140
143
154
165
165
162
161
162
166
171
175
176
182
171
161
158
158
157
158
161
153
152
149
145
143
140
139
138
138
136
133
130
128
124
119
115
126
128
131
133
133
133
133
133
133
135
136
136
136
137
139
142
140
144
149
153
157
161
165
168
157
158
155
152
153
158
158
154
149
147
139
130
123
116
103
90
86
76
66
61
62
68
82
96
95
99
104
106
106
105
105
105
104
100
95
91
85
77
70
65
68
68
70
74
81
88
92
95
102
117
134
143
144
146
153
161
160
158
157
160
166
173
178
180
179
169
161
160
160
157
155
156
146
147
147
146
144
144
146
148
133
135
137
137
135
129
122
117
129
130
131
132
133
133
131
130
134
136
137
137
137
138
140
143
146
149
152
153
152
152
153
154
153
156
157
156
159
162
160
155
141
143
138
126
115
105
96
87
82
69
58
59
68
79
90
99
103
107
110
112
110
108
106
106
106
104
99
92
86
79
70
63
65
63
64
69
77
86
91
94
99
110
125
137
142
146
150
153
161
159
158
159
163
166
167
167
178
172
168
168
167
161
156
155
155
155
153
148
144
140
140
140
143
140
134
128
125
126
129
132
127
127
128
131
134
134
133
131
134
136
137
137
137
138
140
143
144
148
151
154
154
154
155
156
167
168
166
162
159
158
152
144
139
143
141
130
116
105
95
87
73
61
53
60
74
86
93
98
107
110
115
117
115
112
110
109
110
108
103
94
87
82
74
66
66
64
63
65
72
81
88
92
106
111
118
127
135
141
146
148
152
152
152
156
160
163
164
163
172
170
170
171
167
158
153
152
157
155
152
148
145
142
140
139
141
140
137
133
127
124
124
124
125
125
126
129
133
135
133
130
134
135
137
137
136
137
140
142
138
142
149
154
158
160
163
165
172
170
164
155
150
148
142
135
140
143
140
132
121
108
93
80
64
57
57
67
80
89
95
100
108
113
120
124
124
121
119
117
118
118
112
101
95
91
83
75
72
69
65
64
66
73
82
88
103
109
119
129
136
141
145
147
145
145
146
150
156
161
164
165
158
159
160
160
152
142
139
142
148
144
141
142
144
146
144
142
132
136
140
139
132
124
117
114
127
126
126
129
132
133
130
127
133
135
136
136
136
137
140
142
141
146
151
155
157
159
160
162
155
154
148
141
140
144
145
142
140
140
135
129
121
109
88
70
59
58
64
75
85
92
98
104
113
120
128
134
135
134
131
130
128
128
121
109
103
100
93
84
77
74
68
63
62
68
77
85
91
104
123
138
144
146
146
146
153
150
148
148
151
155
157
158
171
172
174
171
161
152
152
158
144
139
135
136
141
143
140
136
138
137
133
127
121
119
121
125
128
124
119
118
122
127
132
134
128
130
131
132
133
136
140
144
149
153
153
149
147
150
151
149
145
144
141
138
136
137
141
145
143
137
137
131
113
99
82
59
59
68
77
82
88
98
110
118
129
140
148
147
145
146
147
147
143
136
129
125
119
109
103
102
93
87
80
72
66
66
73
80
90
113
134
141
144
148
148
144
143
145
148
149
145
143
151
161
162
162
163
163
157
149
148
153
153
147
142
141
142
142
138
133
141
134
127
125
127
129
127
124
122
120
119
120
124
127
129
129
123
124
126
126
126
128
132
135
146
150
150
147
146
150
151
149
141
141
141
140
140
141
145
148
150
144
145
137
112
91
75
60
70
78
87
90
93
102
116
127
146
151
153
151
153
162
171
175
158
150
142
135
125
111
103
100
103
99
90
80
71
65
66
70
89
111
133
142
146
150
149
143
142
144
147
149
145
142
146
154
150
147
148
151
151
147
144
145
151
146
141
140
142
141
137
133
136
130
125
124
128
130
128
126
115
116
117
121
125
127
126
124
122
124
126
127
129
132
137
140
147
150
150
146
146
148
148
144
135
138
141
143
145
147
151
153
160
154
155
144
109
79
70
66
81
88
94
94
93
100
118
133
155
159
162
165
174
187
198
201
179
166
150
134
118
103
97
98
110
108
101
90
80
72
67
65
86
109
132
144
151
156
153
144
148
149
153
156
152
147
147
151
148
142
140
146
151
150
148
148
147
143
140
139
140
140
136
133
128
125
122
123
126
128
127
124
111
111
113
117
121
124
123
122
120
123
127
130
134
140
146
151
153
155
152
147
146
146
143
138
133
136
140
144
148
152
157
161
169
162
161
144
101
71
72
81
93
97
99
95
88
92
111
131
149
158
170
180
193
203
206
202
189
171
146
122
103
92
93
99
107
108
104
95
87
80
73
68
81
105
131
146
157
164
162
153
154
154
157
160
158
150
146
147
151
144
140
143
146
147
148
152
143
141
139
138
139
138
134
132
124
122
120
121
123
124
122
120
109
108
108
110
115
119
122
122
118
121
125
128
133
139
145
150
155
155
153
148
148
148
144
137
135
138
143
147
151
157
164
168
173
165
159
135
92
70
84
101
112
110
107
99
87
86
104
125
144
155
168
179
189
194
189
182
176
160
138
117
100
91
95
103
109
113
112
105
98
92
81
70
77
102
130
147
160
171
172
167
157
155
155
159
157
149
143
141
148
143
138
135
132
131
137
146
141
140
138
138
137
135
131
129
126
124
123
122
122
121
120
118
106
104
103
105
110
116
120
122
123
125
128
130
132
136
141
145
149
150
149
148
150
153
149
142
141
145
150
155
159
164
169
172
172
165
155
124
84
77
99
116
128
120
111
99
84
78
91
111
137
146
155
161
164
166
162
157
151
141
128
114
99
89
89
95
115
124
129
125
120
111
94
77
75
101
130
146
158
172
179
179
168
162
159
162
161
155
148
146
147
143
139
134
128
125
132
141
139
139
138
137
135
131
128
126
128
127
125
122
120
118
118
117
102
101
100
103
108
114
118
119
127
129
131
132
133
136
141
144
145
146
146
146
150
154
150
142
146
152
161
168
171
172
173
173
166
163
150
115
82
87
112
123
127
114
99
85
67
56
65
82
114
126
137
141
142
143
142
138
132
122
107
90
73
61
62
69
94
112
128
134
134
127
105
81
74
102
130
143
153
168
181
186
181
172
165
166
167
163
157
155
151
147
145
145
143
139
140
145
138
139
139
137
133
128
125
123
124
123
120
116
113
112
113
114
99
98
99
103
108
113
116
117
123
125
127
129
131
135
140
144
146
146
145
145
149
152
146
138
149
158
169
178
181
178
175
172
162
162
148
111
81
94
119
124
116
99
81
65
47
33
38
53
89
106
124
132
134
135
132
129
126
110
86
60
38
26
31
41
57
81
108
124
132
128
104
79
75
103
131
141
148
163
179
188
184
173
165
165
166
163
159
157
152
148
147
153
156
153
149
147
138
139
139
137
132
127
123
121
117
116
112
108
106
106
108
110
96
95
96
103
111
115
112
108
125
130
119
107
112
121
127
136
147
148
149
150
151
152
153
154
157
159
168
177
179
177
181
190
181
165
142
116
89
79
101
130
106
97
108
126
108
64
49
65
73
78
90
106
118
121
117
113
98
74
64
71
63
46
53
79
95
93
90
95
112
124
110
86
80
115
136
139
147
161
177
193
191
184
173
166
168
171
164
153
152
152
153
155
156
154
149
146
145
138
130
130
135
135
127
119
117
116
114
111
107
103
100
98
96
94
95
101
108
113
112
109
116
117
101
87
94
109
124
139
150
154
159
163
164
163
161
160
161
160
166
176
181
179
178
181
179
166
148
128
103
87
93
111
121
128
140
139
115
84
76
85
79
79
83
91
99
101
99
96
80
74
82
99
97
83
84
100
121
121
114
106
106
107
96
79
81
114
133
137
147
160
173
187
193
188
181
174
173
173
165
155
151
151
152
153
155
155
153
150
146
142
139
136
135
131
127
123
116
114
111
110
109
107
104
101
95
93
92
96
103
109
110
110
117
119
104
93
101
115
129
144
145
152
161
166
165
161
156
153
163
161
166
177
185
185
180
177
171
160
149
137
117
94
83
84
106
129
141
125
101
92
96
102
101
96
91
89
92
94
94
92
84
93
110
123
120
107
103
108
125
128
121
103
89
85
83
78
107
132
145
147
156
163
168
176
191
192
190
184
179
175
166
156
156
154
152
152
153
153
152
151
142
144
143
139
132
125
123
122
116
111
107
108
111
111
107
102
92
90
88
91
97
104
109
110
124
131
127
124
130
132
133
142
141
148
157
160
158
152
147
145
158
161
168
179
186
186
181
178
167
157
148
142
129
106
86
77
73
93
102
88
76
84
103
115
132
127
118
112
112
116
116
113
119
128
134
127
112
99
92
89
96
101
97
83
72
75
83
89
125
144
153
155
164
168
167
173
186
192
195
190
183
176
167
159
164
160
154
151
149
148
147
146
139
141
142
138
131
124
120
119
117
110
104
105
109
110
105
99
88
86
85
88
94
102
109
113
124
135
138
141
146
140
132
137
145
151
158
159
157
154
154
155
160
168
178
183
183
180
177
175
168
158
149
145
137
121
103
92
69
72
72
69
69
81
106
126
148
147
141
136
138
144
143
138
146
152
146
125
103
89
79
71
72
75
75
70
70
81
96
106
117
134
142
149
162
168
168
175
181
190
195
193
188
182
174
167
169
163
156
150
148
147
146
145
142
143
143
141
136
129
123
119
118
110
103
102
105
106
100
94
85
85
85
88
94
103
112
117
125
133
135
139
145
140
135
144
148
153
158
159
157
158
164
169
176
186
193
191
185
179
174
170
159
152
144
138
132
123
111
102
87
76
70
71
74
82
102
125
141
145
145
142
147
156
155
147
146
150
145
127
109
96
84
73
77
77
76
76
82
93
105
114
119
131
137
143
155
158
159
167
175
183
190
191
190
189
184
177
170
165
157
152
150
150
149
149
146
147
148
146
140
131
124
119
118
111
104
101
102
101
96
92
84
85
87
92
98
108
117
123
131
135
134
137
145
141
140
153
151
155
159
158
154
156
163
170
185
191
193
188
181
176
167
158
144
142
138
130
122
114
105
99
91
84
77
75
75
81
96
111
129
136
138
138
145
156
155
145
138
138
134
124
114
103
91
82
89
88
87
88
91
96
104
110
127
136
138
140
148
147
146
156
165
172
179
183
187
191
189
184
176
170
163
157
154
153
151
150
140
145
149
143
130
118
112
110
116
112
106
102
100
98
96
94
85
86
90
95
102
112
121
128
133
137
135
139
146
141
140
152
157
162
164
160
154
153
158
165
177
179
177
172
169
166
155
142
137
140
139
131
120
110
101
96
82
84
82
75
74
82
94
101
124
132
135
134
142
154
153
144
138
132
124
117
110
101
91
85
92
92
92
93
92
92
98
104
120
130
132
134
141
141
143
155
156
162
168
174
182
189
189
184
183
177
169
162
157
153
150
148
129
139
145
136
117
101
96
99
115
112
108
103
100
98
98
98
79
87
96
101
108
116
119
118
138
134
131
137
147
154
153
149
162
158
150
148
158
172
175
170
169
176
179
169
153
141
137
136
133
129
123
118
114
107
98
91
83
80
77
76
72
72
86
102
114
128
135
132
133
142
144
139
126
129
130
124
111
98
90
86
84
91
93
88
87
93
98
97
109
118
126
130
132
135
138
139
137
147
160
171
177
180
182
183
178
167
161
163
159
146
138
138
131
134
134
126
114
104
101
102
108
109
105
98
95
94
90
85
74
82
90
96
102
110
113
112
131
130
130
134
139
144
147
148
161
159
153
149
156
170
179
179
180
180
173
157
139
128
125
125
118
114
109
106
106
105
101
98
73
72
73
75
74
76
89
104
118
128
131
127
129
138
141
136
120
124
127
124
115
103
93
88
91
95
94
87
84
89
93
93
96
104
115
123
129
132
132
132
141
143
149
156
164
168
169
168
180
172
166
164
161
154
150
149
137
135
132
127
121
116
113
112
109
106
98
90
88
90
88
82
77
85
94
98
104
112
116
116
121
123
126
127
129
133
140
145
155
156
154
151
155
167
178
183
179
170
154
136
120
112
112
114
108
102
95
91
91
91
89
86
77
77
79
80
80
83
94
106
117
124
127
125
128
134
131
123
119
123
128
128
121
109
97
88
92
92
87
80
77
81
86
88
84
90
101
114
123
127
126
124
129
127
129
138
151
163
169
171
177
175
168
160
156
156
154
149
143
138
132
129
129
129
127
125
116
108
96
88
89
93
91
84
80
89
98
103
108
116
122
123
115
117
119
121
124
129
136
142
147
149
151
154
160
166
169
170
154
141
124
111
104
101
104
108
103
97
90
86
85
84
81
79
87
87
85
83
82
86
96
105
117
124
129
132
135
135
125
113
124
128
133
134
128
115
99
89
93
90
83
77
76
80
85
88
81
82
91
105
116
119
118
117
112
111
112
119
132
147
161
168
171
175
171
159
154
156
153
144
144
140
135
132
131
131
133
133
120
110
97
90
94
98
92
82
77
87
96
100
104
112
118
121
115
114
114
118
125
131
135
136
141
142
147
158
165
163
153
145
121
109
98
95
95
94
97
103
97
93
89
89
91
91
88
85
85
85
83
81
82
91
103
111
125
127
129
130
132
131
123
114
122
128
135
137
130
118
104
95
102
96
88
84
82
83
86
89
83
80
84
97
106
108
108
110
106
106
106
104
105
115
130
141
157
166
169
163
160
161
155
145
141
142
140
134
128
126
129
134
115
107
96
92
97
99
89
75
79
89
97
98
99
105
112
115
118
117
116
120
126
130
131
130
138
137
142
154
160
150
131
118
99
91
88
93
94
91
92
98
97
93
89
88
88
87
83
79
82
85
86
87
94
108
121
128
127
124
118
114
113
114
115
114
117
125
134
136
130
120
111
107
110
102
94
90
86
82
80
82
85
80
83
93
98
96
98
103
103
106
105
100
94
98
111
123
131
142
153
157
158
157
153
147
138
142
143
137
127
122
123
127
114
108
101
98
102
102
89
74
86
95
101
99
96
99
105
108
121
123
125
126
125
124
124
125
134
131
134
141
138
123
106
97
93
88
91
99
100
93
93
100
101
95
88
84
83
82
79
76
88
94
99
101
109
122
131
133
122
119
116
112
108
106
108
110
120
130
139
139
130
121
118
119
116
108
101
100
96
88
82
82
86
83
87
97
98
92
93
100
101
103
103
99
96
98
107
114
112
120
135
148
152
148
145
146
139
141
142
138
131
125
121
119
115
111
104
101
103
102
90
76
88
96
101
96
90
91
96
98
122
129
134
131
123
117
118
121
129
126
126
126
117
100
87
84
93
90
95
106
106
98
98
106
101
94
87
85
88
92
93
93
95
103
108
109
113
121
124
121
120
123
127
127
121
113
110
111
129
139
148
144
132
122
122
126
124
116
112
114
111
102
95
94
87
86
93
104
103
93
93
101
103
102
99
96
94
94
97
99
110
114
130
147
151
144
142
148
141
140
140
139
136
130
121
114
111
107
101
96
96
95
86
74
87
96
102
99
94
94
95
95
116
128
133
130
130
136
132
122
131
120
111
109
106
98
90
86
101
102
105
108
109
107
103
100
109
102
97
96
97
98
104
111
115
112
110
114
120
123
121
118
119
123
129
134
135
134
131
129
134
135
135
132
125
119
115
113
124
125
124
121
116
110
105
102
99
104
101
99
106
105
101
107
106
108
108
105
104
102
96
88
102
121
132
129
131
143
143
133
134
130
132
138
137
128
120
119
114
105
96
94
96
93
83
73
81
89
94
92
91
96
103
107
97
117
130
124
118
123
132
136
117
109
103
102
100
94
90
89
105
99
92
89
93
102
112
118
117
110
106
107
110
111
114
118
120
116
114
117
123
127
127
124
115
116
118
120
121
120
119
118
122
123
123
121
116
112
110
109
123
120
116
115
116
115
110
106
107
113
108
106
112
110
106
112
112
114
112
107
105
104
100
95
93
108
118
119
123
134
140
139
127
126
131
136
134
125
118
118
113
102
91
89
94
97
93
87
81
86
87
83
83
94
108
116
105
121
130
122
114
118
127
132
114
108
103
100
95
88
84
85
102
100
99
100
105
111
118
123
123
116
112
116
121
120
118
118
120
115
110
109
110
112
110
108
112
110
108
106
105
106
107
108
111
113
114
113
111
110
111
112
108
103
99
103
112
118
118
115
113
118
114
111
117
114
110
115
119
119
114
108
106
107
105
100
94
102
111
115
116
119
128
137
133
137
143
146
140
130
124
124
107
98
88
87
93
95
90
83
87
89
85
76
75
87
103
113
122
124
123
119
120
124
122
116
112
109
106
104
98
91
90
93
105
109
115
119
121
121
121
121
124
115
111
116
120
117
111
106
110
105
99
96
96
97
97
96
99
96
91
87
86
88
92
94
91
93
95
95
95
97
100
103
95
91
89
91
98
105
109
111
111
116
113
111
117
116
112
117
125
120
111
106
110
114
110
102
100
102
110
116
110
102
106
117
124
130
137
136
127
116
110
109
100
94
89
91
93
87
73
60
90
90
84
74
71
81
96
106
115
116
116
117
120
122
118
112
103
101
103
106
106
104
107
112
115
118
122
122
121
121
122
124
123
113
108
111
113
107
98
92
93
90
87
85
87
89
92
93
93
90
85
82
82
85
89
92
81
82
85
86
87
89
92
95
90
90
89
85
82
83
89
94
106
112
109
109
117
116
114
120
126
119
111
110
118
124
117
105
98
99
108
115
109
95
93
101
119
126
133
130
121
112
107
104
94
90
87
89
91
83
66
52
83
85
82
74
72
80
93
101
108
117
124
123
115
110
112
116
105
102
103
107
110
109
111
115
115
123
133
136
132
124
118
115
117
108
101
101
99
92
84
80
77
75
72
68
66
66
66
67
70
69
67
66
67
68
70
72
65
68
70
71
71
72
74
76
73
77
81
79
75
75
82
89
97
104
101
102
110
111
108
115
117
117
116
118
125
129
122
110
101
101
108
115
114
106
105
110
123
130
134
130
124
119
114
109
93
87
82
84
88
85
73
62
73
79
81
77
75
82
91
96
107
113
118
117
111
108
112
118
115
109
106
109
112
111
110
110
117
128
139
142
134
119
106
98
102
94
87
84
79
72
67
67
65
64
62
58
54
51
50
50
45
46
48
49
49
48
46
45
48
51
53
53
52
50
50
51
56
61
66
69
70
73
77
81
80
86
84
84
92
92
89
96
98
110
121
125
125
124
120
115
112
109
107
108
110
113
117
121
120
124
124
117
111
108
101
93
94
89
85
87
91
86
71
59
69
77
82
80
78
82
88
91
97
92
91
98
110
117
119
119
113
106
104
110
117
118
117
117
133
134
131
122
109
98
94
94
87
79
72
67
61
55
53
56
58
60
62
63
63
64
66
67
66
69
73
75
75
71
66
63
68
70
72
72
69
66
64
64
57
58
61
63
65
65
63
61
63
69
66
66
73
72
69
76
80
102
124
128
121
116
115
116
121
114
102
94
97
107
114
117
133
134
129
119
112
108
98
88
95
93
92
96
95
83
60
42
59
73
81
78
74
80
90
96
101
97
98
102
103
102
108
117
98
99
104
112
118
122
127
133
120
121
119
111
98
86
77
74
64
53
46
49
54
55
59
65
68
73
77
80
86
91
89
85
91
91
94
98
94
86
81
82
93
94
98
101
102
98
91
86
79
74
75
83
84
75
64
59
53
48
46
50
55
60
69
78
88
99
112
120
127
131
129
123
136
129
117
105
101
104
109
113
123
125
127
122
107
93
90
95
97
97
95
92
84
71
57
48
57
70
80
78
76
81
90
95
98
95
96
100
101
100
104
111
105
112
109
100
107
127
133
124
136
134
126
113
95
79
69
64
50
46
47
55
62
65
69
75
79
86
91
94
97
102
103
100
105
104
107
111
109
102
99
100
105
105
106
108
109
107
103
100
104
96
93
95
95
88
80
78
65
58
53
53
55
58
66
75
95
110
127
137
141
139
132
124
134
134
128
119
118
120
118
112
109
112
116
114
102
90
88
93
98
95
91
87
80
71
61
55
56
68
78
79
79
83
89
93
96
95
98
101
102
100
103
108
109
109
104
102
112
127
129
122
146
143
134
120
102
86
75
70
65
67
72
78
80
79
80
84
91
100
107
108
110
114
117
117
115
113
115
119
119
116
114
116
113
112
111
112
113
113
111
109
118
109
101
100
99
96
93
93
89
82
75
73
73
74
80
88
102
119
136
143
142
138
132
126
126
129
124
115
116
124
119
106
97
99
103
103
96
87
87
91
94
90
84
78
74
69
65
61
60
69
78
82
82
83
86
88
89
91
95
98
99
99
101
103
104
90
95
119
128
118
117
130
133
132
129
122
112
101
92
87
87
91
95
97
95
92
92
95
98
108
116
116
115
119
123
125
122
119
119
125
127
126
127
129
117
117
117
119
121
121
119
117
117
111
104
101
101
101
102
103
107
102
98
97
96
94
96
101
110
123
135
136
132
132
132
132
124
124
113
100
105
120
120
107
97
95
95
95
90
84
85
90
86
82
77
73
70
68
65
63
67
71
78
83
83
81
81
82
80
85
90
93
95
97
99
100
98
89
98
120
123
111
115
133
114
116
118
119
115
108
100
94
86
90
94
95
96
99
104
108
105
114
121
119
117
120
124
126
130
126
126
132
136
136
137
139
125
126
129
133
135
135
132
129
123
121
117
113
112
113
112
111
108
105
105
106
103
96
92
93
110
123
133
134
130
130
132
133
131
129
118
106
112
127
129
119
101
96
91
89
85
81
82
86
83
80
76
73
71
69
65
63
70
70
75
81
82
78
75
76
79
86
92
94
98
104
108
107
99
109
112
105
103
112
122
125
115
116
119
120
119
113
105
99
92
94
94
92
95
104
111
114
115
122
125
122
120
123
125
124
129
124
123
130
135
135
135
136
128
129
133
137
141
141
138
134
132
134
131
126
123
122
119
115
110
108
110
111
106
94
85
82
100
115
128
132
130
128
124
120
130
129
126
124
129
133
130
123
102
95
90
89
87
82
81
82
85
82
79
77
74
70
66
62
69
66
68
75
78
74
71
72
78
86
93
95
101
110
116
116
107
118
117
102
100
114
122
117
124
123
122
122
122
119
113
108
109
109
105
100
103
112
118
117
125
128
128
124
123
125
124
121
120
115
114
121
127
126
124
123
126
126
128
132
135
137
136
135
136
140
139
132
128
128
126
122
120
118
120
121
115
103
94
91
102
113
123
126
126
125
120
113
121
119
122
129
131
125
120
119
99
94
92
96
97
92
86
84
88
84
79
74
71
67
63
60
66
61
63
71
75
72
69
71
71
80
87
89
96
107
115
115
114
112
112
114
116
115
115
116
123
120
117
117
120
120
118
116
113
113
109
105
111
123
127
124
130
130
128
124
123
125
122
117
117
111
111
117
123
122
118
117
127
126
125
128
132
135
137
137
138
143
142
136
133
136
136
132
127
125
126
128
124
114
107
106
116
121
124
123
124
127
125
121
118
111
114
124
124
114
111
118
95
93
96
105
108
102
94
89
89
83
76
69
65
62
59
56
52
51
55
63
67
66
68
71
87
79
83
92
97
106
108
99
99
92
102
123
125
109
106
118
118
115
112
113
116
118
116
114
121
119
117
119
122
123
121
118
117
117
116
114
111
112
115
117
105
108
111
111
109
110
114
118
113
109
110
116
121
122
124
127
129
131
132
133
137
141
137
130
134
127
127
131
124
111
107
113
127
120
110
106
110
117
123
126
122
120
118
115
111
107
102
99
101
96
93
96
94
89
86
87
88
75
65
65
66
62
60
62
48
48
51
59
62
62
63
66
80
74
79
87
88
95
99
91
94
97
102
107
110
112
115
118
119
116
112
110
109
108
107
106
113
113
114
118
122
123
120
117
110
107
102
102
104
106
107
106
103
104
104
103
101
100
101
102
103
103
107
114
117
115
116
119
122
127
130
130
132
134
133
129
130
122
119
120
113
101
99
106
119
112
105
106
111
116
116
114
117
114
111
112
112
106
96
87
93
89
85
84
86
87
87
85
76
68
63
66
66
62
59
60
48
47
50
57
60
59
60
63
71
67
74
79
77
82
88
83
88
100
100
90
93
112
121
115
110
110
110
108
108
110
113
116
112
113
117
121
125
126
124
121
112
105
99
99
105
109
108
105
107
106
104
104
103
102
99
96
102
106
114
121
122
118
119
123
121
128
132
132
132
133
133
129
128
120
114
112
105
95
95
102
114
110
108
112
118
119
113
106
106
101
98
103
109
110
102
93
86
85
78
70
73
81
80
71
62
60
61
63
61
55
52
52
44
43
46
52
55
53
54
57
62
60
70
75
70
74
82
80
83
96
96
86
89
107
115
109
104
106
108
107
107
110
116
122
116
117
120
122
125
125
125
124
120
115
110
110
114
117
118
116
116
113
111
112
114
113
109
105
109
114
122
128
127
125
129
136
133
137
139
139
141
142
138
132
128
122
117
114
107
99
99
104
109
110
113
117
119
116
109
103
103
98
94
95
101
104
103
101
83
85
77
64
65
73
67
52
55
56
56
55
50
44
41
41
36
35
39
45
48
46
47
50
55
55
66
71
67
71
81
80
83
88
92
94
96
100
103
104
106
108
108
106
103
103
108
112
119
120
121
122
122
123
125
126
128
127
126
125
124
125
127
129
126
123
120
120
122
121
118
114
114
116
120
123
123
123
131
141
146
147
146
146
150
151
143
132
128
125
123
120
114
107
106
108
102
106
112
113
109
103
99
97
101
101
100
96
91
87
85
84
81
85
79
67
65
69
61
44
52
53
51
47
42
40
39
39
35
34
38
44
48
46
47
50
50
50
60
66
63
68
77
75
81
79
86
96
98
92
93
100
103
104
105
106
106
107
109
112
119
122
125
127
128
130
133
135
138
140
142
141
138
136
137
139
136
134
130
128
127
125
124
122
120
117
116
116
116
118
127
137
148
149
149
149
151
151
143
133
129
128
126
122
115
110
108
108
102
106
110
109
104
97
92
90
79
86
93
93
86
77
71
69
73
77
76
69
65
65
58
48
49
49
46
41
40
43
44
42
32
31
35
42
46
45
46
50
46
44
52
58
56
61
68
65
71
70
74
82
84
82
86
93
92
93
95
100
104
107
107
107
105
112
122
130
134
137
140
142
143
144
145
145
145
143
139
136
133
132
129
125
123
122
125
127
125
118
112
110
110
110
116
123
138
147
153
151
147
145
142
138
135
133
128
120
112
108
107
107
105
104
103
104
103
97
87
78
65
70
76
79
77
73
69
67
62
64
64
62
56
52
49
49
46
46
41
36
38
43
42
36
22
22
26
33
37
37
38
42
43
39
46
52
50
55
61
56
60
62
63
63
67
74
82
87
87
85
86
89
92
92
88
84
84
95
111
124
131
135
137
139
139
137
135
138
141
139
131
124
117
118
117
114
112
113
119
125
123
114
106
103
102
100
102
106
130
145
156
153
144
140
142
145
141
138
130
118
109
106
107
107
103
96
92
95
100
94
78
62
75
71
66
64
66
67
67
66
54
53
53
52
45
37
38
44
45
44
38
33
35
39
34
25
23
23
24
27
32
35
36
36
35
42
39
38
46
48
49
59
52
50
57
71
75
71
74
84
86
78
76
84
88
82
73
70
83
92
106
119
127
132
135
137
134
132
131
130
128
123
116
111
97
107
110
112
120
117
111
116
126
117
108
101
96
95
101
109
134
138
135
135
140
135
131
141
137
124
113
113
118
119
117
116
97
94
88
84
86
88
80
70
69
63
58
58
57
55
57
60
42
49
48
42
43
51
49
39
48
54
53
43
36
34
32
27
20
20
21
24
28
31
33
33
37
43
40
38
45
47
48
58
53
50
55
65
68
63
66
75
76
70
70
76
79
75
70
69
81
89
101
112
120
126
129
131
121
120
118
118
119
117
112
108
110
118
118
119
125
122
117
122
125
119
114
112
109
107
111
117
136
138
133
131
133
123
115
122
126
115
106
105
105
103
101
101
91
88
83
80
81
82
75
64
60
56
55
57
56
52
50
51
45
50
48
41
42
49
48
40
44
49
47
38
31
29
27
23
15
16
18
21
24
26
28
29
36
42
38
35
41
42
43
53
53
49
51
57
57
53
56
64
72
70
71
75
76
75
75
78
82
88
98
107
114
119
124
127
118
115
112
114
117
119
118
115
123
128
124
122
128
126
121
127
125
122
121
124
125
123
124
127
136
138
131
126
124
108
95
98
112
106
101
98
94
87
85
87
82
81
77
74
74
74
67
57
50
49
51
56
54
46
41
41
46
48
44
37
37
44
44
37
39
41
39
31
25
22
19
16
12
14
17
19
21
23
26
28
33
38
33
29
35
35
36
46
52
49
48
51
49
46
50
56
69
71
73
75
75
77
82
88
87
92
99
105
111
117
123
127
121
116
112
114
120
125
125
123
127
130
123
120
127
126
123
129
129
125
126
130
133
131
132
134
135
136
128
123
119
101
84
84
104
102
101
98
90
80
79
83
75
75
73
70
70
68
60
51
46
46
51
55
52
43
38
38
44
44
38
31
31
36
37
33
36
36
32
26
20
17
14
12