112
92
101
114
122
119
117
125
136
142
137
136
135
136
142
150
158
163
155
160
160
155
152
156
162
164
172
173
175
177
180
185
190
194
195
199
203
204
206
206
203
199
198
191
187
190
193
188
182
180
179
183
175
170
179
185
187
196
196
198
194
183
180
185
188
186
207
206
206
205
202
197
196
197
188
189
174
170
184
179
172
184
181
179
174
166
159
158
162
166
158
149
141
138
140
138
129
121
118
118
118
117
115
110
102
96
86
82
72
63
62
66
64
58
101
110
116
116
120
130
138
140
138
139
140
143
147
153
158
161
156
159
160
159
162
167
168
166
153
163
175
183
186
190
195
200
195
196
199
202
203
203
205
207
200
194
189
188
186
183
181
181
177
182
176
174
183
183
179
182
182
185
186
184
184
189
196
200
206
208
212
216
216
211
204
199
188
190
185
184
184
178
175
184
187
184
179
174
169
166
166
166
161
150
136
130
131
133
130
126
119
116
114
112
110
106
102
99
89
85
77
69
63
62
64
67
108
111
112
114
120
127
131
130
139
141
144
147
152
156
159
160
162
163
163
164
170
176
173
166
153
168
185
195
196
197
201
207
204
200
200
204
201
197
201
211
205
203
199
193
188
185
182
180
182
185
178
176
185
185
184
191
192
194
197
200
198
197
203
211
210
209
210
214
219
219
212
206
193
192
201
202
188
180
185
188
190
186
181
179
179
178
175
171
166
156
144
137
137
138
137
134
123
119
113
108
105
103
101
99
90
82
76
72
64
56
61
73
104
107
110
114
120
126
130
131
140
142
145
149
154
158
162
164
171
173
172
171
173
177
175
170
174
182
190
194
194
195
200
204
217
211
210
213
208
198
201
212
215
215
209
202
200
201
196
188
199
199
188
180
182
184
194
213
199
202
208
214
211
206
210
219
220
212
203
201
209
219
220
215
198
190
203
207
188
184
193
189
185
178
172
173
178
181
178
173
165
161
156
153
151
147
141
136
131
126
118
112
107
103
100
97
85
74
69
72
66
54
57
70
97
102
111
119
125
131
139
147
145
146
147
151
156
163
169
173
177
181
181
177
176
180
184
185
190
186
181
179
183
191
198
202
219
216
219
225
222
214
214
221
227
223
211
200
205
220
221
212
219
220
208
191
179
170
180
205
192
199
211
221
224
223
227
234
228
220
207
203
213
226
228
222
203
189
196
201
188
188
195
188
184
175
165
164
170
175
174
170
163
161
159
156
151
145
139
135
135
131
125
119
113
106
99
94
83
69
64
70
70
59
57
65
105
110
119
127
130
132
140
148
151
151
153
156
161
168
174
178
176
182
184
181
180
186
194
198
194
185
176
175
184
195
204
209
209
213
218
224
228
228
227
226
227
223
206
188
196
222
235
230
227
232
224
206
184
159
155
174
203
214
227
234
240
244
243
240
224
223
218
217
227
237
234
223
210
197
193
196
194
194
195
190
193
182
171
166
169
171
169
166
163
162
158
151
143
137
135
135
127
125
122
119
114
108
101
96
86
74
67
70
71
65
61
62
111
110
116
126
132
133
137
142
153
154
156
159
163
167
171
173
171
176
178
178
181
188
193
193
189
187
185
186
192
198
203
206
202
208
211
209
215
222
217
206
210
216
206
184
183
205
219
215
217
223
221
214
199
171
159
171
208
223
231
231
235
242
234
218
206
212
215
217
226
235
229
215
205
199
189
187
193
187
180
183
187
178
169
163
162
161
157
153
153
154
153
146
136
127
123
122
110
109
109
109
110
108
104
101
91
85
76
69
64
62
62
62
98
95
101
118
134
140
144
147
150
153
156
160
162
164
164
164
169
170
171
173
180
186
185
179
183
188
193
196
194
192
190
191
202
208
204
194
197
205
197
177
191
210
211
188
177
188
193
186
204
208
210
214
213
194
183
194
186
203
210
206
212
222
211
187
188
197
201
203
212
223
219
206
188
191
178
172
181
170
157
167
165
160
153
149
147
144
139
136
133
139
145
142
130
116
106
101
96
95
96
100
104
107
107
106
93
92
82
66
55
56
61
63
74
86
102
115
123
130
137
142
148
146
148
152
150
145
148
156
157
157
158
162
166
169
169
168
165
176
184
182
179
182
183
181
191
191
193
194
195
191
186
181
192
184
182
187
192
188
181
176
198
194
191
193
196
195
187
179
184
182
182
187
193
194
188
181
169
170
176
185
194
198
196
193
190
181
171
165
163
158
148
140
149
139
129
125
127
129
126
121
112
114
113
110
108
104
93
81
68
71
74
75
77
83
94
103
93
94
90
79
65
58
60
66
52
70
96
118
132
138
142
145
141
137
137
138
136
132
134
140
138
137
136
139
146
155
163
168
168
175
177
172
168
172
176
176
179
180
181
181
180
177
175
173
175
172
175
184
190
188
184
182
197
198
199
198
194
188
182
178
178
175
175
181
188
189
181
172
157
157
159
165
172
175
173
171
162
157
152
151
151
146
136
128
134
125
113
104
99
96
91
87
86
85
80
72
67
65
59
53
53
53
52
50
49
51
56
60
75
79
82
82
76
65
54
47
63
81
107
127
135
134
129
126
105
101
101
105
109
110
111
114
120
119
118
117
118
122
127
132
132
135
134
130
130
138
147
153
149
152
154
154
153
154
157
161
155
156
163
174
179
179
179
181
177
184
192
193
188
185
185
188
176
171
168
171
177
176
165
155
155
152
148
147
146
144
139
134
127
121
114
112
112
110
103
97
85
86
88
88
85
78
71
66
58
63
66
64
65
69
71
70
69
65
59
54
50
46
43
40
49
52
60
71
78
75
62
50
95
104
114
118
113
101
89
82
71
69
71
76
82
83
81
79
86
90
94
95
93
90
89
89
86
86
85
82
84
93
104
111
109
114
119
121
122
127
136
144
141
143
150
158
161
162
166
173
162
169
177
180
179
180
184
188
178
170
162
160
161
157
146
136
142
137
132
128
125
119
111
105
98
90
80
75
75
77
78
77
73
74
73
67
60
55
53
53
69
82
97
105
112
119
122
122
111
104
97
91
87
81
71
63
48
45
45
52
62
68
66
63
93
92
89
83
74
66
60
57
76
77
78
81
82
79
70
62
60
64
69
73
73
71
68
67
65
62
60
59
59
63
70
75
81
86
92
96
98
104
115
124
130
132
137
143
146
148
157
167
171
170
169
170
171
171
170
168
174
166
156
150
147
141
132
124
116
113
110
108
106
100
91
85
76
70
63
59
60
62
63
63
58
55
48
43
44
56
74
88
108
120
131
136
139
143
144
143
133
127
121
118
116
110
100
91
75
67
57
49
47
49
53
57
64
62
59
58
61
66
73
77
97
103
108
110
111
110
103
95
94
89
82
75
69
63
56
52
52
48
47
49
50
51
54
59
67
71
77
81
84
89
96
101
117
118
124
132
137
142
152
162
171
167
165
168
173
173
166
158
160
156
150
144
137
129
121
116
111
107
100
95
89
81
71
63
58
56
53
50
48
43
38
34
35
42
53
66
80
97
114
125
126
130
131
128
127
130
131
129
127
123
120
119
120
117
109
102
92
87
78
65
54
48
49
51
55
57
61
69
80
92
101
106
113
123
131
135
138
143
144
140
145
136
123
113
105
95
82
72
66
59
55
55
54
50
50
54
56
60
66
72
77
81
83
85
103
105
112
123
131
136
142
149
156
156
161
171
179
179
170
160
145
148
149
143
132
118
109
104
111
103
91
80
72
64
56
50
47
45
43
42
42
43
44
44
72
84
101
116
124
125
123
120
126
127
125
121
120
122
119
114
114
112
110
111
112
111
106
102
98
97
93
84
74
65
60
58
66
70
79
89
100
108
112
114
126
136
143
143
145
152
157
156
156
151
149
152
155
150
136
123
107
95
84
77
67
55
49
50
46
49
56
66
74
78
78
77
94
96
105
118
126
129
131
134
146
151
162
175
182
178
167
156
137
145
150
145
129
111
98
92
94
84
72
62
58
56
53
51
42
40
38
42
54
70
87
97
110
114
121
128
135
138
140
140
133
135
135
133
132
128
117
106
105
104
104
105
105
104
102
100
108
106
102
95
86
76
67
62
89
100
112
119
119
119
124
129
127
131
137
141
143
143
142
142
149
147
148
152
153
152
151
152
145
121
116
111
85
72
68
53
58
52
47
49
54
60
66
70
78
81
88
99
110
120
132
140
146
153
162
168
174
174
166
156
150
143
138
134
125
108
92
84
78
72
65
60
54
49
47
47
54
60
70
81
93
106
118
125
133
135
139
148
158
161
154
143
145
132
128
133
129
115
109
114
111
110
108
105
102
101
101
102
103
100
97
94
91
85
76
69
108
115
122
125
124
123
124
126
125
127
128
127
126
127
132
136
141
141
142
143
145
144
137
131
125
104
101
103
90
88
89
79
67
67
68
67
64
61
61
63
71
74
81
90
98
107
119
130
144
154
167
179
187
186
173
159
144
137
131
126
116
99
84
77
75
71
65
60
57
59
64
69
77
84
95
103
105
104
101
99
104
114
123
124
120
116
116
117
113
105
102
106
105
99
97
101
104
103
102
102
103
102
100
99
105
103
101
100
99
94
87
81
117
118
120
121
120
119
117
116
103
108
113
116
115
115
117
119
120
120
115
109
115
127
131
128
112
94
87
86
79
79
81
75
75
79
83
80
73
68
67
68
70
71
77
84
89
96
109
123
141
154
172
190
202
200
181
162
140
133
125
119
107
91
77
72
68
68
68
67
70
78
88
95
93
93
93
90
88
87
88
89
100
109
119
122
118
115
118
124
103
97
91
86
83
81
79
78
85
84
85
90
95
98
98
95
103
103
104
105
105
102
97
93
115
113
110
110
112
111
109
106
109
104
97
91
87
85
82
79
83
99
112
116
123
135
137
131
126
114
103
95
88
86
87
85
87
91
92
88
85
83
80
77
77
76
80
87
90
93
107
123
138
152
172
193
206
203
182
161
142
134
125
116
103
87
77
74
69
73
75
76
80
88
95
98
89
87
83
79
78
82
90
95
99
98
104
118
130
134
133
132
122
118
105
90
81
77
73
66
66
64
65
71
81
90
93
93
98
100
102
104
105
104
101
98
118
114
108
107
107
106
101
97
92
77
60
55
62
73
79
80
90
100
103
97
97
113
132
142
92
91
85
81
84
87
89
93
96
99
100
101
106
109
101
90
88
83
85
92
93
93
104
120
135
149
168
187
199
196
178
159
147
137
125
113
99
85
79
80
82
82
79
79
89
100
103
99
90
92
95
95
92
90
89
89
103
98
101
115
127
129
125
123
112
109
99
87
80
80
76
70
63
59
57
60
69
80
88
92
94
97
101
104
104
103
102
101
122
117
110
105
101
95
88
83
59
52
49
57
72
82
82
78
72
69
59
45
36
44
65
83
29
36
33
38
59
70
67
69
79
86
93
104
123
139
137
126
102
92
90
96
97
91
97
110
132
147
165
180
189
187
174
159
149
137
122
107
92
82
81
86
90
86
83
91
114
136
136
124
101
99
93
85
79
76
77
78
53
47
46
49
46
38
36
41
58
56
56
58
62
65
67
68
67
64
59
58
62
71
82
90
93
97
102
106
106
105
105
106
123
119
112
104
95
86
77
72
66
66
67
69
68
61
50
40
30
29
34
39
30
13
6
9
25
31
25
38
77
91
76
68
61
67
72
82
108
142
162
164
122
107
101
106
105
95
94
102
129
145
165
178
185
184
174
164
151
138
119
102
87
79
83
91
92
91
94
114
148
166
148
118
89
82
71
61
58
63
74
82
58
42
29
26
23
15
13
18
24
20
25
38
46
45
47
53
59
59
57
54
54
61
73
83
90
96
103
107
108
108
110
111
124
121
115
107
96
85
77
72
62
59
53
45
39
39
44
49
67
46
33
34
33
26
31
45
47
49
40
59
110
128
104
86
64
63
56
54
77
122
160
176
140
122
112
116
114
100
95
100
126
145
167
180
185
184
177
169
153
139
119
100
85
79
86
96
98
100
108
133
164
167
124
74
56
58
61
64
69
77
86
92
93
61
34
36
48
49
44
41
33
25
29
44
47
38
35
41
43
46
48
47
46
52
66
77
87
93
101
106
108
109
112
114
128
122
114
107
100
89
75
65
48
49
46
42
44
53
60
61
84
80
70
57
53
61
69
72
73
79
88
97
104
104
100
96
90
92
94
93
92
104
134
162
155
133
118
118
113
99
92
98
126
148
165
169
174
178
170
155
144
134
121
104
89
82
91
103
106
110
124
144
158
151
127
105
113
109
104
101
100
97
93
90
94
96
98
103
112
113
97
76
79
77
71
67
68
68
55
39
41
39
39
41
47
55
61
65
73
85
98
106
115
124
124
119
135
127
116
106
96
83
68
58
52
54
53
50
54
63
69
70
82
89
96
98
99
105
117
129
125
124
121
117
112
106
99
95
103
110
122
132
135
135
141
150
151
136
128
126
115
98
94
103
124
142
157
162
163
162
155
145
140
132
121
106
91
83
88
99
103
107
118
133
146
151
147
141
119
114
108
103
103
104
106
106
97
102
106
109
115
119
113
104
90
91
89
86
86
85
73
60
47
45
44
47
55
65
75
80
87
96
105
110
115
120
119
113
142
135
124
113
102
91
78
70
71
74
74
73
76
84
89
88
98
105
116
119
107
93
97
110
103
105
109
112
114
113
112
112
107
105
109
121
132
138
143
147
146
140
136
132
116
96
95
107
121
132
146
152
150
144
139
137
134
127
118
106
92
83
86
94
104
109
116
123
128
133
139
143
114
112
109
107
106
109
112
114
107
111
112
107
105
106
108
107
100
103
104
103
102
99
92
83
72
69
66
65
69
76
84
89
92
99
107
113
119
123
123
120
146
141
134
127
121
115
108
103
102
105
105
103
105
110
112
110
108
111
122
130
117
98
99
114
105
112
121
128
130
126
122
119
124
115
110
117
129
140
150
157
146
140
135
128
110
93
93
105
115
122
134
143
140
132
131
135
125
119
110
100
89
82
85
93
102
109
117
122
122
121
122
124
112
115
118
118
117
117
118
120
131
131
128
121
114
112
113
114
106
108
109
108
105
103
101
100
96
95
93
90
90
92
96
100
100
105
111
117
122
125
125
123
144
143
140
139
138
137
135
133
129
131
130
126
125
128
128
125
124
121
127
136
132
120
122
135
131
137
145
148
146
141
136
133
136
133
135
142
146
145
143
143
145
134
123
114
102
90
90
98
107
112
123
133
133
128
129
134
117
109
100
92
84
80
86
94
95
101
111
121
128
131
130
129
129
133
136
134
131
131
136
141
143
139
135
134
133
129
125
122
118
117
116
114
110
109
111
115
108
111
114
114
114
114
115
117
117
118
121
124
124
121
118
116
143
144
145
145
146
145
144
144
141
143
142
137
136
138
138
135
144
138
139
144
144
138
138
144
155
157
158
156
153
152
155
159
142
143
148
154
154
147
141
140
137
125
111
103
96
90
90
94
103
109
118
125
128
129
129
128
112
104
94
88
82
79
85
93
95
96
100
110
122
131
136
137
148
150
150
144
140
143
154
164
164
157
154
158
160
153
142
135
141
137
134
132
128
125
127
132
125
130
134
133
128
123
121
121
122
122
126
131
131
125
121
120
147
149
151
152
151
149
147
146
146
148
147
144
145
150
152
150
150
154
161
168
175
179
181
183
197
195
189
178
166
159
158
160
161
157
157
161
162
157
152
151
124
115
105
99
94
91
93
96
108
116
122
123
128
135
131
121
110
102
95
90
84
80
82
88
97
96
96
100
108
119
128
132
148
155
159
157
151
152
162
172
190
184
184
191
194
186
174
169
164
158
154
155
151
145
143
145
141
145
146
141
132
124
121
121
124
124
130
139
140
133
128
129
152
155
158
158
156
153
151
150
149
152
152
151
154
161
166
166
162
173
183
187
188
191
191
187
189
191
190
182
169
160
156
156
162
158
158
164
164
151
134
123
112
109
104
100
95
93
96
101
117
126
129
126
131
140
133
117
110
103
97
93
87
81
80
83
93
94
97
100
106
115
125
132
142
155
169
173
168
164
167
172
173
171
177
190
196
191
186
185
176
169
166
169
166
157
150
150
140
143
145
141
133
128
128
130
135
134
138
145
143
133
125
124
161
163
162
159
154
151
151
153
153
155
158
160
162
164
168
172
172
172
175
181
188
192
192
190
189
189
179
165
164
172
171
161
159
166
170
167
160
149
134
122
108
107
102
94
88
91
101
111
125
130
132
131
130
132
129
124
108
101
94
91
86
82
82
86
90
90
92
95
98
106
124
142
147
153
160
167
175
180
177
169
185
186
182
176
178
184
183
177
172
168
165
166
169
169
164
159
149
146
143
142
142
142
140
139
138
137
140
146
144
133
124
123
154
158
161
162
160
159
159
160
160
162
163
163
163
164
166
169
179
179
181
186
192
194
194
192
195
194
183
171
171
182
185
179
177
181
179
169
156
142
125
112
106
100
92
86
86
93
104
113
128
133
137
137
136
136
131
125
113
105
97
92
85
78
76
79
88
88
91
94
95
102
117
133
153
160
166
169
173
181
186
186
179
183
185
187
192
195
188
177
173
173
173
172
170
166
163
160
159
157
154
153
153
152
151
149
152
145
141
141
137
129
126
127
151
156
162
166
166
165
164
164
165
166
167
167
166
166
168
170
174
175
179
185
192
197
198
198
187
188
183
178
181
191
192
186
176
177
172
161
148
137
123
112
104
94
82
80
88
101
112
118
124
131
135
135
134
132
126
119
117
109
100
94
86
77
74
76
83
84
87
91
93
97
109
122
148
160
171
173
175
181
189
193
182
184
187
192
199
200
190
177
179
181
182
179
173
167
165
165
164
162
160
159
159
158
155
153
157
149
143
140
137
131
128
129
156
159
163
165
165
164
163
162
165
167
168
168
168
170
172
175
169
172
176
182
187
191
192
193
180
185
188
190
194
196
189
179
165
165
159
147
136
128
119
110
100
89
79
82
97
113
122
124
125
130
133
132
130
129
124
117
118
111
103
97
89
80
76
78
75
76
82
88
92
96
106
117
133
149
166
174
178
181
183
183
192
188
185
188
195
196
189
181
189
187
183
178
175
172
170
169
166
164
162
161
160
159
156
153
149
146
144
144
142
138
131
127
159
159
159
160
161
162
161
161
166
168
169
169
169
170
172
175
176
178
181
184
185
186
186
186
196
198
199
198
198
194
183
173
169
167
158
143
128
118
107
98
91
85
81
89
106
121
126
126
133
137
137
134
132
133
131
126
122
114
106
99
90
80
75
76
70
70
76
84
90
95
106
116
125
139
155
166
174
180
179
175
191
186
184
188
194
196
191
186
196
186
174
170
173
175
173
169
167
165
163
163
162
160
156
153
148
145
142
140
140
138
132
125
156
155
154
156
159
161
162
162
168
169
169
168
166
166
168
170
173
177
183
187
190
193
196
198
212
205
196
189
185
181
175
169
172
170
161
145
129
117
105
95
84
83
86
96
110
122
127
127
140
142
142
138
136
139
138
135
130
122
112
104
93
80
73
73
71
69
72
78
85
91
102
113
128
138
150
159
168
177
180
178
181
179
183
193
199
198
195
194
197
183
169
165
170
173
170
164
163
161
160
159
158
156
151
148
153
147
137
130
131
133
130
124
152
152
152
156
160
162
161
159
164
166
166
165
164
164
166
168
167
173
181
187
191
195
200
204
201
192
181
175
173
171
170
169
167
166
159
144
129
116
102
91
83
87
95
104
113
121
129
133
145
149
150
147
147
148
147
143
139
131
122
113
102
89
81
80
78
73
71
73
78
84
94
105
124
138
154
162
167
174
179
181
177
176
180
188
192
192
195
201
196
186
175
170
171
172
167
162
160
159
158
157
156
153
149
145
146
142
133
126
128
132
128
119
152
152
154
158
162
163
158
154
158
160
162
163
163
165
168
171
173
177
182
185
184
184
187
189
182
176
171
172
174
174
173
172
166
165
157
141
123
107
90
77
86
94
103
110
115
122
132
141
154
159
162
161
161
161
158
153
144
137
129
122
112
100
93
93
85
78
71
70
72
77
87
97
113
136
160
171
171
172
175
177
182
177
175
177
178
181
192
205
197
192
185
180
176
172
167
163
165
164
163
163
162
158
154
150
132
133
131
129
133
136
127
114
141
141
143
147
152
155
156
155
152
154
158
161
163
166
170
174
186
180
174
175
180
183
180
176
168
168
165
162
165
172
175
173
170
162
152
137
117
96
85
84
97
101
105
108
116
132
148
159
171
174
177
182
188
189
180
168
158
150
142
134
123
110
102
101
92
84
76
73
69
70
82
96
117
143
160
163
163
159
160
172
167
168
168
168
173
179
178
173
178
173
167
162
161
165
170
174
164
158
156
157
153
144
141
144
135
138
139
139
139
137
128
118
138
138
140
144
148
150
149
147
152
151
150
149
151
156
164
170
184
179
174
174
179
180
176
170
173
175
175
173
174
176
172
166
177
171
159
139
114
95
87
88
96
103
113
121
129
140
151
158
184
187
192
201
212
215
202
185
168
156
140
127
114
103
100
102
101
93
83
76
70
67
76
87
115
141
158
163
168
166
166
176
176
177
174
171
173
178
179
176
171
171
172
173
173
170
165
160
161
157
157
158
154
145
140
141
132
133
133
132
134
135
129
121
135
136
138
141
144
145
143
141
148
149
150
151
154
160
167
173
182
177
174
174
177
176
170
164
164
168
172
174
179
185
185
181
184
180
164
135
107
92
92
97
109
108
107
108
116
132
153
168
189
193
200
213
227
230
214
195
173
155
131
111
96
89
93
100
106
100
91
83
74
70
75
83
116
142
159
167
175
175
171
175
181
183
180
173
170
173
176
176
170
169
171
175
179
176
167
159
158
157
157
158
154
145
139
137
132
132
129
127
128
131
127
120
131
132
135
139
143
144
142
140
139
145
153
161
166
170
173
176
180
177
175
175
176
173
166
160
159
161
163
167
176
190
197
198
186
182
161
125
97
92
102
112
119
109
98
93
98
116
144
165
178
184
193
203
213
213
200
184
166
145
118
95
82
79
88
98
102
100
96
88
80
74
75
78
116
143
163
172
184
183
174
171
178
182
181
174
169
169
171
171
167
161
155
158
165
170
168
165
158
157
156
154
149
143
138
135
134
134
130
126
126
126
120
112
123
124
128
133
139
142
142
140
136
142
150
158
164
168
171
174
179
177
176
177
176
173
166
160
167
170
171
173
180
189
193
191
186
180
155
116
93
100
118
127
120
110
101
97
99
108
128
147
161
170
179
182
183
180
173
164
155
135
108
88
77
77
88
101
104
107
108
101
90
80
73
69
108
139
162
175
190
192
181
174
175
181
183
178
172
171
170
168
162
153
143
142
149
157
159
158
158
156
152
147
142
139
137
134
131
132
130
127
126
125
117
107
116
117
120
126
133
138
140
140
147
148
150
151
155
161
169
175
176
176
176
177
176
173
167
163
170
177
184
189
194
196
191
183
184
177
149
110
96
112
128
131
126
109
91
81
80
89
113
137
145
155
163
161
156
152
148
145
138
119
94
76
67
68
80
92
110
119
126
121
108
93
77
66
97
132
157
172
190
199
193
188
179
184
186
183
179
177
174
169
164
158
153
152
155
157
154
150
156
155
150
141
136
136
134
131
124
125
124
122
123
122
114
105
115
115
117
122
129
135
139
141
152
152
152
152
154
161
169
175
173
173
174
174
174
172
169
166
173
182
191
197
201
201
193
184
179
171
142
107
100
118
127
118
109
84
57
42
38
50
81
111
123
132
139
139
136
133
128
122
109
89
64
45
35
37
49
61
88
105
121
124
116
101
81
66
93
129
153
164
184
199
201
201
187
189
188
183
181
181
176
170
168
168
168
169
168
164
158
153
151
152
148
139
134
134
131
126
120
120
117
113
113
113
108
100
118
117
118
122
129
136
141
143
142
146
150
154
157
162
166
170
171
171
172
172
173
171
170
168
187
191
195
195
196
196
190
182
173
165
137
104
101
119
119
102
68
47
27
17
13
19
42
67
104
111
117
120
122
120
113
104
82
61
34
13
3
4
16
28
49
73
98
109
108
97
78
62
96
130
151
159
177
196
203
207
194
192
187
181
180
180
176
169
167
168
171
172
170
165
160
157
147
150
148
139
134
133
128
121
121
119
112
105
104
104
100
93
108
113
119
124
127
130
133
135
150
134
119
121
133
145
155
161
172
171
171
174
177
178
175
172
182
190
198
201
199
197
199
201
187
168
136
101
88
106
110
88
72
93
101
83
58
47
45
44
56
74
93
100
104
102
87
70
38
25
23
33
33
30
50
81
82
74
76
93
102
90
71
59
88
123
146
156
176
195
202
204
203
190
182
184
186
180
172
169
170
170
170
170
169
164
157
152
149
150
149
146
140
132
124
120
122
114
115
115
106
101
95
81
104
109
117
123
126
128
130
132
140
120
103
105
121
140
155
164
178
177
176
177
178
180
182
183
176
184
194
199
199
198
199
201
185
173
156
125
91
87
104
114
119
135
139
120
98
90
89
89
65
70
74
74
73
71
65
57
44
48
64
82
85
84
101
126
127
105
90
91
92
76
53
38
84
126
154
159
168
183
198
211
207
200
194
191
185
175
171
172
170
169
169
169
168
165
160
156
157
153
146
140
135
129
125
122
119
112
114
116
107
103
96
83
99
105
112
118
123
126
129
131
139
123
110
114
129
146
159
168
170
173
176
176
173
172
173
175
170
179
190
196
198
197
197
198
186
172
165
143
94
61
70
92
109
120
122
110
100
103
111
114
93
82
70
64
60
57
58
61
77
90
106
112
105
100
108
121
122
110
96
77
53
37
41
55
115
151
170
169
172
182
193
205
211
209
206
197
183
171
169
174
171
169
166
165
163
160
156
153
156
148
138
130
127
125
122
120
113
106
110
113
106
102
96
82
98
101
107
112
117
123
129
133
145
141
140
145
149
152
157
162
159
167
176
176
170
163
162
163
174
181
191
198
199
197
195
194
187
169
163
153
115
75
60
58
77
84
87
87
94
112
131
140
135
117
103
98
95
90
92
100
127
131
126
108
89
79
79
81
83
80
73
57
37
36
66
102
149
168
172
171
183
192
193
195
211
212
209
199
185
174
171
174
171
168
163
159
156
153
149
147
154
146
137
131
129
128
124
120
107
100
105
108
102
99
94
81
99
100
103
107
113
122
132
139
148
153
160
163
155
147
150
157
163
171
178
177
171
168
171
176
188
193
200
205
204
199
194
191
184
172
169
163
142
121
100
78
73
75
76
80
94
118
142
156
160
148
140
144
145
139
137
141
154
148
130
105
86
79
75
70
76
64
58
64
76
90
112
132
148
162
164
165
180
191
192
195
208
208
206
200
192
186
181
177
170
166
161
157
154
152
149
147
159
154
147
142
138
132
125
120
106
99
103
106
100
98
94
82
99
100
103
106
113
123
135
143
150
156
162
162
152
145
152
165
172
174
174
171
168
173
186
197
202
204
207
208
205
199
191
187
176
175
174
160
141
136
127
108
92
89
84
84
92
111
133
148
153
148
149
156
161
159
153
149
150
142
125
108
96
89
81
74
84
80
84
99
111
118
129
141
142
161
168
165
169
173
180
192
200
202
202
200
200
199
191
182
170
166
162
159
158
156
153
151
158
154
148
139
129
121
115
112
110
102
103
104
98
97
94
83
97
100
105
111
118
128
138
145
149
152
156
157
153
152
160
172
171
172
171
168
167
173
185
195
205
205
205
203
198
191
182
177
168
166
166
152
131
126
123
112
109
104
97
93
96
110
130
145
142
143
143
146
153
157
151
142
143
134
123
112
101
90
83
81
94
95
102
110
111
111
123
139
146
162
166
162
165
166
169
181
186
192
197
199
201
202
194
185
174
171
166
162
159
155
150
147
149
145
135
121
109
103
105
109
112
102
100
100
92
92
90
80
95
100
107
115
123
131
139
144
144
144
148
155
157
157
161
167
169
172
174
174
173
174
177
181
200
199
197
194
189
181
173
167
163
154
154
152
138
129
122
111
98
93
88
85
88
100
121
138
147
149
146
143
149
159
155
143
144
135
126
119
106
94
92
99
112
94
83
90
104
114
122
130
144
149
146
150
167
173
170
172
173
184
193
195
197
198
192
183
179
175
169
163
157
149
142
137
143
137
125
108
96
96
107
118
111
99
96
94
86
86
85
76
92
109
117
118
123
123
131
147
154
146
147
155
159
159
169
183
178
164
158
170
182
186
189
193
199
195
193
181
165
165
167
157
159
153
141
133
132
130
115
97
88
92
94
90
87
95
114
130
146
141
137
139
146
148
140
129
142
142
136
123
104
90
87
91
102
101
98
97
100
108
118
126
133
139
147
151
151
153
159
165
165
173
185
193
195
193
189
187
175
168
163
160
151
139
134
135
139
133
120
108
105
109
109
106
108
100
91
87
87
85
77
69
91
106
112
115
123
124
127
139
140
138
145
158
162
157
160
168
173
166
163
171
182
191
198
203
204
195
185
169
151
151
153
145
138
134
127
122
123
123
113
99
84
88
90
89
90
98
114
127
141
137
133
135
141
143
135
127
130
130
127
119
107
99
97
99
100
98
94
92
94
98
104
107
121
130
142
148
149
149
152
155
155
164
175
184
188
187
186
185
178
171
167
166
162
154
150
151
140
135
127
120
120
122
117
110
99
89
82
84
86
82
77
74
94
105
109
114
126
128
126
133
139
134
135
142
146
147
156
168
164
166
168
171
181
194
201
201
195
180
165
148
132
133
139
132
120
118
113
108
107
106
99
91
94
93
92
92
96
105
116
124
136
132
130
132
136
136
131
125
137
138
136
127
114
103
98
96
97
92
86
85
88
91
93
92
100
112
128
138
139
137
137
138
137
144
154
164
171
177
182
185
180
173
167
166
164
158
153
151
140
137
132
130
132
133
124
113
101
87
82
91
93
84
78
81
99
106
108
115
131
134
130
133
132
129
129
133
138
142
152
163
157
165
170
173
182
192
189
178
165
149
137
126
116
121
130
127
112
110
107
103
101
99
96
93
105
100
94
94
100
110
118
123
137
134
133
136
137
135
132
132
142
150
151
139
119
104
95
92
94
87
80
80
85
90
92
90
88
101
117
126
128
126
125
126
120
124
130
138
148
160
173
181
181
175
168
163
160
153
145
139
142
138
132
129
132
133
125
113
106
91
88
101
100
82
73
78
100
106
107
113
129
133
131
135
115
121
133
144
148
146
144
145
155
164
171
174
180
180
165
145
130
118
115
113
108
113
123
122
108
107
105
104
102
101
101
103
104
98
93
96
107
120
129
132
137
134
136
139
137
132
132
137
133
149
157
144
123
110
105
104
99
91
82
79
84
89
91
91
88
98
111
118
118
118
120
122
113
113
112
115
123
137
153
163
172
170
166
163
159
155
147
140
147
141
131
124
124
127
122
113
104
91
91
104
101
79
67
70
100
107
105
107
118
122
124
134
122
127
134
140
142
142
142
143
154
161
167
169
167
157
137
119
110
103
108
113
107
108
116
117
113
107
102
100
96
92
91
94
104
101
100
108
123
137
145
148
127
125
129
132
127
120
123
133
141
156
162
147
128
120
120
120
109
102
93
88
87
88
88
87
87
94
103
107
106
106
110
114
114
111
106
103
105
115
127
137
146
152
156
156
155
154
150
144
147
143
133
124
121
122
119
113
102
94
95
103
100
82
71
72
102
110
107
103
106
109
116
132
139
138
135
130
129
134
140
145
149
152
156
154
142
124
112
108
106
103
114
120
110
107
115
117
115
105
98
97
95
91
90
92
113
113
117
125
135
142
143
142
125
124
129
133
126
117
122
136
156
162
157
138
125
126
129
127
118
115
110
104
98
93
90
88
89
95
101
103
101
100
104
109
112
110
105
101
99
103
110
115
125
138
148
149
147
147
144
139
139
140
137
129
123
120
115
110
104
100
98
98
93
83
76
75
106
115
111
102
100
101
111
131
138
141
141
138
134
133
133
132
142
143
145
140
119
98
96
106
108
107
119
126
114
109
117
121
109
100
96
101
107
108
111
115
120
122
126
131
134
131
124
117
137
136
142
146
138
128
134
150
152
151
137
119
115
126
133
131
123
123
122
117
109
101
95
93
97
103
109
110
107
105
108
112
106
106
105
103
101
101
104
106
122
138
150
149
143
140
136
131
128
135
139
134
125
119
111
105
104
101
95
87
81
76
72
70
99
110
115
106
97
101
114
124
134
145
147
137
137
147
145
133
143
127
118
118
111
96
95
105
114
113
121
132
131
119
114
118
120
114
112
115
118
121
125
130
133
125
123
129
131
125
118
117
119
128
138
144
144
141
138
137
132
130
128
124
113
106
114
127
127
130
130
124
114
106
106
108
107
106
107
111
112
113
118
125
118
110
109
114
111
100
97
102
119
126
131
134
139
142
135
124
123
128
131
129
126
121
113
105
97
91
87
88
93
90
74
57
93
101
106
104
103
108
113
116
125
136
137
128
130
140
141
131
128
116
112
115
110
99
101
114
123
111
105
107
110
115
130
147
124
119
119
126
133
136
139
142
134
126
123
126
128
123
117
116
110
112
116
117
116
114
114
114
119
118
118
117
109
102
105
114
115
116
117
116
115
113
112
112
115
113
112
112
110
108
110
116
120
113
112
115
111
100
98
104
113
122
130
132
134
137
134
127
132
136
137
133
128
125
118
110
91
86
82
86
92
90
78
66
95
96
94
94
101
113
118
118
123
132
133
126
128
138
140
132
120
112
110
111
104
92
96
109
117
111
109
115
120
125
137
152
132
126
124
130
134
132
127
124
116
110
106
108
110
108
105
104
110
106
101
97
97
98
99
100
104
104
107
109
106
101
100
102
93
93
96
102
111
118
120
120
115
113
114
116
116
115
118
124
121
114
112
114
110
101
98
102
102
111
118
118
117
122
130
135
133
135
134
128
122
118
111
104
94
88
84
84
84
78
66
55
107
99
87
81
90
109
124
129
124
132
134
129
130
136
135
127
116
112
113
114
106
96
100
114
115
117
125
134
136
132
131
135
132
124
121
123
123
114
102
96
98
94
91
92
94
95
96
96
97
90
82
79
81
84
85
85
82
83
85
89
91
90
88
86
82
82
84
88
95
102
108
112
110
109
112
116
118
118
122
129
120
112
110
114
115
107
98
94
102
108
109
102
95
99
114
128
128
131
129
122
115
109
100
92
89
85
83
83
78
66
52
44
106
100
87
76
80
99
119
129
122
129
133
130
129
130
126
118
110
111
116
120
116
112
118
131
131
131
132
133
130
126
125
128
123
116
111
112
110
100
89
84
85
83
80
77
78
81
82
82
78
73
69
69
72
75
75
74
72
72
73
75
79
83
83
80
78
79
79
75
73
77
85
93
105
104
106
109
109
108
110
116
118
112
110
118
123
116
102
91
107
111
113
106
95
92
101
113
128
131
130
122
114
106
96
86
72
72
78
84
80
67
56
53
92
93
88
80
81
92
106
113
121
127
131
130
129
130
125
119
111
112
117
120
118
114
119
127
138
139
139
136
129
122
118
117
112
105
98
95
88
77
70
69
59
60
57
51
49
51
52
50
52
52
53
55
58
58
57
56
55
56
56
55
57
62
63
60
60
63
66
64
62
65
76
85
88
88
92
98
100
99
103
109
113
113
116
123
126
121
109
99
98
103
111
115
112
108
112
119
127
130
127
119
110
102
92
82
72
74
81
88
81
65
57
58
83
86
86
83
85
92
99
101
116
120
123
124
126
130
130
128
115
115
117
119
117
113
114
117
133
136
137
132
123
112
101
95
92
86
78
71
61
53
53
57
52
56
54
49
47
51
52
49
46
49
53
54
53
51
49
48
47
51
51
45
44
46
46
42
48
51
56
59
60
63
67
71
65
66
71
79
83
84
88
94
104
113
121
123
119
115
113
112
101
98
101
109
114
116
123
131
128
128
122
110
101
95
89
82
87
86
89
90
76
56
49
54
85
86
84
82
87
95
100
99
106
108
110
112
117
125
130
132
114
114
117
122
124
124
125
126
132
130
122
109
97
89
84
81
68
64
59
54
48
46
54
65
75
81
83
79
79
86
88
86
86
91
95
95
90
86
84
84
84
90
91
83
78
77
74
69
58
58
59
61
60
57
50
45
53
52
55
60
60
58
60
65
95
110
123
120
109
105
112
121
123
108
96
95
99
105
115
125
133
131
121
107
98
94
91
87
92
88
89
87
71
50
46
54
68
84
90
79
75
88
105
114
100
112
114
105
104
117
122
117
110
118
119
115
125
140
137
122
123
114
101
89
80
70
61
54
46
46
48
53
61
71
79
84
88
94
99
100
103
108
109
108
110
113
115
109
101
98
102
108
109
112
116
117
114
107
99
94
90
91
93
92
87
76
63
54
47
43
41
43
47
53
65
77
79
103
119
124
131
128
124
128
124
122
104
101
117
113
106
122
121
122
117
101
84
77
84
93
93
88
82
74
63
52
50
53
74
88
94
85
80
89
99
103
91
103
111
110
111
116
116
111
112
110
109
112
120
128
131
130
131
123
111
97
84
72
63
58
56
61
68
73
77
82
90
96
103
109
115
116
119
123
122
119
123
126
128
126
120
117
118
120
121
122
125
125
124
120
115
112
114
112
109
106
101
94
86
80
72
63
54
51
53
63
82
99
111
127
132
132
137
133
125
126
129
126
111
111
126
118
104
109
110
110
106
95
83
80
86
94
85
80
75
70
61
52
51
55
67
80
88
86
87
94
100
101
106
106
104
102
103
108
116
121
111
106
109
120
125
125
129
137
145
141
132
120
105
93
85
82
78
87
96
99
98
98
103
108
116
122
128
130
134
139
138
135
136
138
140
142
141
138
134
132
131
132
133
134
133
132
130
129
127
122
115
110
107
106
105
104
91
88
88
89
89
90
99
110
132
140
137
131
135
132
122
121
127
119
104
106
121
116
100
95
99
98
94
87
80
79
84
89
76
71
67
65
59
53
54
58
64
74
81
84
87
94
98
97
113
105
99
98
98
100
108
117
99
105
116
126
129
127
128
131
140
142
141
134
123
111
104
102
102
106
111
112
110
110
111
113
122
126
129
131
136
143
144
142
136
137
141
145
148
145
138
132
132
133
135
137
137
135
134
132
126
120
113
108
108
111
114
115
103
105
109
111
107
101
103
108
127
137
134
128
131
129
122
123
125
111
95
97
113
117
106
97
95
92
87
81
77
76
77
78
73
68
64
63
60
55
56
60
76
80
83
83
84
87
88
87
92
92
98
107
110
104
99
99
91
107
118
116
117
126
128
122
121
127
132
131
123
113
105
101
111
108
106
107
112
115
116
115
129
129
127
124
128
135
137
134
128
129
132
138
142
140
132
125
127
130
133
136
136
133
130
127
129
124
119
115
115
116
117
117
111
108
104
98
90
85
92
103
116
132
135
130
131
128
125
130
129
114
105
109
120
127
120
105
90
88
84
80
77
75
73
73
76
70
65
64
61
57
56
59
76
79
81
82
82
83
86
88
87
91
98
106
113
115
113
110
103
117
118
106
107
124
133
127
121
126
131
132
127
119
111
106
108
102
97
100
110
118
121
120
136
133
126
120
121
125
123
118
118
119
122
127
130
129
122
117
122
125
129
133
133
131
127
124
133
130
126
123
120
118
114
112
105
105
105
101
90
81
83
91
109
127
132
128
127
122
119
126
124
116
119
125
126
130
122
101
84
84
83
82
80
78
77
77
79
72
65
64
61
56
53
55
66
71
77
80
79
78
82
86
90
95
97
98
108
122
127
123
118
120
116
109
110
122
131
133
131
132
133
134
133
129
123
118
110
107
104
107
114
122
126
128
133
130
125
119
119
120
115
107
110
111
113
116
117
116
113
110
117
119
123
126
128
128
127
126
132
130
127
125
123
119
114
111
105
110
118
118
107
93
89
93
109
123
124
119
120
117
112
116
113
109
119
123
114
117
114
93
81
84
86
86
83
81
81
82
78
70
62
60
58
52
49
50
66
71
77
78
73
67
67
71
75
89
98
100
110
123
120
107
119
113
110
114
116
116
120
128
129
126
124
124
127
127
125
122
118
118
119
119
121
125
130
134
124
124
121
119
120
120
112
103
105
106
108
109
108
107
107
106
114
115
116
119
122
125
128
129
129
128
127
126
126
124
121
118
120
120
121
116
105
97
103
113
115
123
120
114
120
119
113
114
107
102
113
113
99
105
111
95
83
87
91
90
85
82
82
83
75
66
59
57
55
50
46
46
52
55
61
66
66
65
71
80
87
85
85
93
107
115
105
90
97
109
119
119
117
117
118
118
119
119
120
120
121
122
123
124
122
120
120
122
124
122
117
112
120
114
108
103
103
105
106
107
103
99
94
95
100
105
106
105
100
105
109
110
110
113
118
121
117
121
128
132
132
130
125
123
120
117
116
115
108
101
104
112
124
110
100
102
110
115
116
116
107
107
105
100
94
90
89
90
88
84
79
77
78
78
75
73
60
58
55
54
54
53
50
47
46
49
56
62
63
64
70
78
79
84
88
91
97
101
98
91
97
103
108
110
114
120
122
121
119
119
119
118
117
115
114
113
118
117
118
121
122
120
115
110
103
100
95
93
93
94
93
93
90
90
88
87
85
85
86
88
91
96
100
101
100
102
106
109
115
117
119
123
125
124
122
119
121
114
106
99
92
89
97
109
108
100
96
102
109
111
110
110
99
99
100
100
98
92
82
75
80
74
69
69
71
71
67
63
53
54
53
51
47
45
45
45
43
45
51
57
59
58
63
70
67
78
87
85
81
83
87
89
94
96
96
99
107
118
122
120
112
113
114
116
117
119
120
120
116
117
118
120
121
119
114
111
97
96
95
95
96
95
93
90
92
96
98
96
91
87
87
90
100
103
107
108
107
108
111
115
119
117
116
118
122
123
121
118
120
113
104
96
88
87
94
104
108
105
107
111
111
105
99
97
93
91
92
98
102
99
88
78
71
65
59
59
63
62
55
48
44
47
49
45
39
35
37
40
43
44
48
53
53
51
53
58
56
70
80
77
70
72
80
86
90
93
93
94
100
109
115
115
109
109
109
111
115
119
124
126
122
121
121
121
121
120
118
117
108
107
106
107
108
108
106
104
104
108
112
113
110
106
105
105
113
115
118
121
120
119
124
130
130
127
125
126
129
129
124
120
116
115
113
109
102
97
97
99
106
107
111
114
110
99
91
89
94
91
88
89
91
90
85
79
68
61
55
55
58
56
47
38
41
41
40
38
34
31
31
31
39
39
43
48
50
47
48
51
53
63
71
70
68
72
79
83
86
93
98
96
95
100
105
108
113
111
108
106
108
111
116
119
128
127
126
125
124
124
125
126
124
122
120
120
122
123
122
121
117
117
118
121
123
121
116
112
116
115
117
121
121
120
126
136
141
139
139
139
139
135
128
123
116
118
118
114
110
105
101
98
92
94
100
105
101
93
88
89
89
88
85
80
74
68
64
63
68
62
56
54
55
51
42
34
41
36
31
31
32
32
27
22
30
30
34
42
46
45
46
49
50
57
62
64
67
73
77
77
80
90
96
94
90
93
98
101
108
107
106
107
109
113
117
119
125
127
129
130
130
131
133
135
139
137
135
135
136
137
137
135
135
132
129
131
134
134
129
124
123
118
118
122
121
120
128
141
146
147
148
147
143
137
131
128
122
121
115
107
102
103
102
100
94
94
97
99
95
85
80
80
69
73
77
76
71
64
59
57
63
59
54
51
48
44
38
33
40
33
26
26
30
30
23
16
23
23
28
37
42
41
41
44
42
49
54
56
59
65
67
65
69
75
80
79
81
86
91
92
92
95
100
105
109
111
112
113
112
119
129
135
138
138
139
139
145
145
145
147
148
146
143
140
139
137
136
135
136
138
139
139
130
122
118
120
118
115
125
140
147
150
151
148
141
136
135
136
130
127
117
105
99
101
101
98
100
97
96
96
90
77
68
64
59
61
63
65
66
64
60
58
50
48
46
42
38
35
33
33
36
30
25
24
26
25
19
14
23
22
26
34
38
37
35
36
34
41
47
48
50
54
56
54
58
61
62
63
71
81
85
84
82
86
93
98
99
96
91
88
100
111
127
138
143
143
141
140
142
143
146
148
149
146
140
135
124
126
128
127
126
129
136
142
125
114
108
108
105
101
111
127
147
151
153
148
140
136
140
145
135
133
124
111
105
105
101
95
88
85
86
88
84
73
62
57
70
61
52
49
50
52
49
45
38
39
38
34
29
28
30
32
31
29
26
24
22
19
16
14
19
19
20
23
27
31
32
32
37
36
37
41
42
43
48
55
54
50
68
79
66
69
87
87
83
80
82
88
87
79
75
76
95
107
122
133
142
148
147
142
139
141
143
143
142
136
124
113
118
123
129
132
129
126
128
133
129
119
112
108
100
98
115
137
145
144
141
146
147
133
130
146
130
109
104
110
110
110
108
100
88
83
78
79
81
77
66
55
63
55
47
46
51
51
45
37
35
36
34
31
31
34
32
27
34
31
26
22
18
17
16
16
17
17
19
22
25
28
30
30
38
36
37
41
42
43
48
55
51
47
62
71
59
62
77
80
75
73
75
80
80
75
73
75
89
101
114
124
133
140
140
135
137
137
137
139
140
138
130
123
136
136
138
139
136
132
133
136
136
127
123
122
117
114
124
140
143
139
133
134
132
116
113
129
120
103
99
103
100
99
98
91
83
78
74
74
76
71
61
51
50
49
48
46
45
43
40
39
34
35
32
28
28
31
30
26
30
27
23
18
15
13
13
13
14
15
17
19
22
25
27
28
36
33
34
37
38
39
45
52
49
45
55
60
50
52
65
70
75
73
75
79
81
80
81
84
93
102
113
121
130
139
141
138
133
131
131
134
138
140
138
135
149
143
140
143
143
140
139
142
142
135
132
136
135
131
133
140
142
137
127
123
117
99
93
109
111
98
97
97
89
87
88
83
75
71
68
68
68
63
53
45
43
50
54
50
40
33
34
38
33
32
28
23
24
27
27
24
26
23
19
14
11
10
9
10
10
12
15
17
19
22
24
26
31
28
28
31
32
33
39
47
49
48
51
52
46
46
56
64
75
75
76
79
82
86
90
93
99
107
115
122
131
140
144
143
130
127
127
133
140
141
141
141
148
137
132
138
143
143
144
148
144
136
133
138
141
139
136
136
142
137
127
122
114
92
83
96
107
100
101
98
84
81
84
80
69
67
65
64
62
57
48
42
48
56
62
56
41
30
29
33
31
30
25
20
20
24
24
21
23
20
16
12
9
8
7
8