112
92
86
91
97
101
102
104
107
110
113
114
115
115
115
117
120
123
119
122
122
119
115
115
122
130
123
124
125
129
134
138
140
141
145
143
141
141
142
140
136
132
135
130
127
126
124
119
114
111
112
107
106
111
112
109
112
118
121
117
118
123
118
109
109
117
117
122
127
128
127
125
126
128
121
125
123
115
111
113
111
106
102
103
104
103
103
102
97
91
88
90
90
83
74
68
67
69
66
66
66
67
67
66
62
59
53
51
46
38
31
28
31
35
91
94
97
98
99
101
106
109
115
116
117
117
118
121
125
129
123
124
125
126
127
129
132
134
120
123
130
137
143
146
146
145
152
147
141
139
140
142
143
143
138
132
126
122
121
119
119
119
116
110
107
109
109
107
109
115
119
120
124
127
123
116
114
117
122
126
131
133
133
132
133
135
131
131
127
122
122
125
121
114
113
114
115
115
115
113
108
104
101
100
96
89
81
74
70
69
70
65
60
57
58
59
61
61
52
50
46
39
32
28
26
26
94
95
95
96
98
102
108
113
116
117
118
119
121
125
131
136
133
132
132
135
140
142
141
139
130
135
144
151
156
157
155
153
159
154
149
145
145
145
145
145
149
146
139
131
125
122
120
119
123
118
114
115
114
114
116
121
119
124
127
126
126
130
132
131
132
135
139
141
140
138
137
137
142
138
132
130
134
137
132
124
122
122
122
123
123
120
115
111
111
107
101
95
89
83
77
73
73
68
61
57
55
55
55
54
52
49
45
41
37
33
28
25
93
94
95
97
101
107
113
116
118
119
120
121
124
129
136
141
144
144
143
144
146
147
147
147
149
152
155
158
158
158
158
158
165
165
165
163
159
152
145
140
154
156
155
147
138
133
129
126
127
125
125
125
124
122
122
123
130
135
132
125
126
138
144
141
142
145
149
151
148
144
138
135
147
144
140
138
139
140
138
135
127
124
124
125
124
118
112
109
115
109
102
98
97
93
86
80
76
74
71
67
63
57
51
46
48
43
38
36
36
34
31
27
94
95
97
101
106
111
114
116
123
125
126
128
130
135
142
147
151
153
154
152
150
151
158
164
162
162
160
157
155
157
162
166
178
179
181
179
173
165
158
153
157
163
162
152
144
144
146
146
137
139
140
137
132
126
118
112
132
138
137
132
134
144
146
140
151
153
157
160
160
155
149
144
154
153
152
148
142
139
140
144
136
131
129
131
128
118
111
110
120
113
105
102
102
99
91
84
79
77
75
72
68
63
56
52
47
41
33
29
29
29
28
26
96
96
98
102
108
112
114
114
130
132
134
136
138
141
146
150
150
155
158
157
155
159
169
179
171
171
170
166
165
169
177
184
191
191
191
188
183
180
178
178
174
178
172
154
142
144
151
153
156
161
162
158
150
140
128
117
117
125
135
145
154
159
158
152
158
159
162
166
169
170
168
165
166
165
163
158
147
139
142
149
146
139
137
140
136
124
116
116
123
117
109
105
103
99
91
84
79
75
68
64
63
63
63
63
55
49
41
34
30
29
28
28
91
90
91
97
105
114
119
121
132
135
138
140
140
142
144
146
148
151
154
156
159
164
171
176
171
175
180
180
180
181
187
192
194
196
197
195
191
187
187
187
180
188
184
165
150
149
153
153
163
170
175
174
171
168
159
150
126
129
140
156
168
171
170
170
169
165
162
164
170
177
182
184
178
173
167
161
151
141
140
146
143
135
133
138
135
122
115
117
116
111
106
101
98
94
88
83
72
67
61
56
55
56
56
55
56
53
48
40
33
30
29
30
84
82
83
90
103
116
126
130
130
133
137
139
139
139
140
141
147
147
149
153
159
164
165
164
164
172
181
185
184
182
183
185
190
196
202
203
197
189
182
179
164
181
189
178
167
165
164
160
152
162
172
177
182
188
187
181
162
154
154
164
170
168
168
174
177
169
161
159
165
176
185
191
186
175
166
160
152
142
137
140
132
124
123
129
127
115
109
111
104
101
98
95
92
89
85
83
63
61
59
56
53
48
42
37
44
45
44
38
31
26
25
26
72
62
64
87
108
118
124
131
135
128
125
129
131
127
125
127
135
137
141
146
150
155
164
172
164
171
178
180
179
179
182
186
189
189
194
203
212
214
208
201
183
204
201
185
190
198
190
179
171
181
186
181
179
183
188
188
184
172
164
168
173
175
180
186
191
181
163
150
154
169
179
181
175
173
167
156
143
134
130
130
133
119
111
114
112
99
91
92
96
85
75
74
79
78
70
61
51
49
46
45
46
46
45
43
34
32
30
29
28
25
22
19
66
67
81
106
120
119
117
119
107
100
96
100
104
104
106
110
111
112
114
117
122
130
141
150
146
150
154
155
156
160
167
174
187
186
186
190
194
195
193
190
191
208
208
199
206
213
207
201
189
190
188
184
183
184
184
182
184
177
170
171
176
182
189
195
184
179
167
158
159
166
167
163
153
150
144
134
125
118
114
113
104
95
93
100
100
88
79
77
86
72
56
49
51
54
53
50
57
54
49
46
43
41
38
35
33
31
29
29
28
27
23
21
74
79
93
110
112
101
92
92
81
75
72
74
77
79
82
86
93
97
102
103
101
99
96
95
105
106
107
107
109
117
128
137
149
149
149
151
156
162
167
171
172
183
184
185
194
196
192
194
194
186
181
183
186
186
185
185
183
182
177
173
175
182
188
190
170
166
159
152
151
152
149
144
135
129
121
112
105
100
95
92
85
76
73
77
75
65
57
57
41
47
60
77
93
102
103
101
89
84
77
71
65
60
54
50
43
40
36
34
32
30
27
24
88
84
83
85
80
71
66
67
77
76
78
81
82
81
80
80
69
75
80
83
86
88
88
85
85
84
83
83
85
92
102
109
109
111
114
117
123
131
140
147
158
165
167
173
184
181
177
185
192
182
176
179
181
178
177
180
178
181
179
171
168
171
170
166
150
145
138
133
131
131
130
128
119
111
101
92
87
82
76
72
77
68
62
63
64
63
65
70
79
93
115
135
147
146
138
131
127
122
114
106
99
93
86
82
68
62
53
44
38
34
30
28
81
71
62
60
62
64
67
70
90
98
109
116
120
119
115
112
103
101
93
83
80
85
88
86
76
75
74
72
72
74
78
81
96
98
102
105
109
114
119
123
142
147
150
160
172
169
167
178
192
187
183
180
174
167
164
166
168
171
171
167
163
159
151
143
131
128
124
121
118
114
111
110
99
92
82
76
73
71
67
64
72
70
72
80
91
100
110
118
147
147
147
145
142
139
136
135
140
136
128
121
115
109
104
100
94
85
71
57
46
38
33
30
62
59
58
66
79
91
99
101
112
125
141
151
158
163
162
158
161
162
154
139
127
119
105
91
87
86
84
81
77
74
71
70
84
87
92
98
104
108
110
111
121
129
134
144
159
160
160
169
180
184
185
181
177
175
171
166
161
158
159
163
163
153
141
134
121
121
122
124
119
109
100
96
89
85
80
77
78
80
82
82
88
95
107
120
132
140
145
148
150
146
139
135
133
135
138
140
133
129
124
119
115
111
107
104
105
97
85
72
59
49
39
34
66
73
84
97
110
123
130
133
137
149
159
164
169
177
181
180
169
178
182
178
176
174
161
145
135
133
129
125
119
112
105
101
92
93
97
104
112
117
116
114
121
134
139
145
160
166
166
171
165
177
182
179
184
192
186
170
161
148
146
159
162
148
135
133
121
119
122
125
121
109
102
102
97
96
95
94
95
100
106
111
120
127
138
145
150
150
148
145
143
141
139
138
138
135
130
126
125
122
118
115
113
111
108
105
102
100
95
89
79
67
54
45
87
100
114
123
129
136
144
148
157
163
165
161
161
169
176
177
179
181
174
164
168
182
186
180
166
163
157
151
144
136
128
124
127
124
123
126
132
133
128
123
119
134
138
140
153
161
159
161
165
178
182
178
187
200
187
161
165
144
138
154
160
143
130
132
124
119
118
120
117
110
111
116
106
107
108
106
106
110
119
125
137
141
145
146
145
144
142
140
136
133
131
132
135
136
133
129
121
118
115
112
111
110
108
106
96
98
101
102
96
83
68
57
116
128
143
151
152
153
157
162
163
159
159
163
163
157
158
163
146
169
180
177
177
176
178
185
169
167
164
154
145
148
140
119
122
124
126
127
131
135
136
134
134
132
135
142
148
153
161
169
171
174
176
183
196
202
188
167
159
147
139
144
150
144
131
121
113
113
114
116
115
112
110
110
112
110
109
109
115
122
125
124
132
114
118
132
109
109
136
109
114
115
110
103
104
110
109
103
116
116
115
112
111
113
114
113
107
106
104
102
98
88
75
66
138
145
154
160
163
161
160
158
158
151
149
154
161
162
160
157
161
156
146
141
144
145
133
119
124
110
103
104
98
90
94
105
117
128
135
129
119
117
129
141
135
133
135
141
145
145
148
152
160
166
170
174
183
190
181
166
156
142
131
132
134
128
116
108
100
102
106
109
108
106
107
109
100
103
108
111
112
108
99
91
70
97
87
73
79
71
66
76
73
70
64
58
57
61
62
61
68
87
108
116
112
108
109
112
107
106
106
107
105
98
89
82
152
153
156
160
163
161
155
150
151
150
147
142
137
130
118
107
113
106
105
101
95
99
101
92
81
81
79
80
75
58
54
70
63
77
98
119
130
130
124
119
131
129
130
137
140
139
138
139
148
157
163
164
170
177
174
164
146
131
118
115
115
109
100
94
85
91
96
97
96
98
103
108
112
107
101
94
87
79
71
66
77
75
79
63
60
82
89
85
91
82
69
59
48
39
35
36
40
47
60
80
97
105
103
99
104
104
105
106
105
102
95
91
154
153
152
153
153
152
149
146
142
141
129
110
94
88
84
78
74
83
104
111
95
86
82
71
74
87
75
55
58
66
69
76
84
77
77
91
110
122
126
127
128
123
122
130
136
136
135
136
142
151
156
158
164
170
165
153
131
118
106
103
101
95
87
83
76
83
87
85
85
94
107
117
113
106
98
94
91
89
90
94
99
82
95
76
47
63
73
68
62
54
50
50
47
41
40
44
43
32
27
38
60
80
93
99
103
104
105
105
104
100
96
93
160
159
156
150
145
142
142
143
125
110
88
72
72
80
85
84
77
69
63
54
41
31
26
20
18
30
32
32
48
67
70
65
76
76
81
89
96
107
126
144
135
125
119
123
130
130
128
127
135
141
146
150
158
163
152
135
121
111
101
97
92
83
75
72
72
79
80
77
82
101
123
136
120
113
108
104
96
84
80
81
59
75
66
40
30
14
6
34
17
15
19
30
38
40
40
41
45
43
40
36
32
43
73
102
99
101
104
106
105
103
100
99
165
163
157
148
137
129
126
126
104
82
64
67
79
82
71
61
44
58
55
41
27
6
0
16
13
0
1
31
53
73
91
95
75
71
77
96
112
121
129
138
142
129
118
119
123
121
116
112
121
128
132
136
145
149
136
117
116
107
97
90
81
70
62
60
68
74
74
71
81
108
134
148
140
125
110
100
90
83
89
100
153
111
53
28
9
7
16
0
10
14
21
34
51
64
62
55
49
45
43
42
36
34
49
67
81
86
94
99
102
102
103
103
165
161
154
145
135
123
112
104
85
68
60
67
69
63
63
72
138
139
87
30
13
13
52
125
71
21
14
35
50
101
160
173
147
110
76
74
91
110
125
137
133
120
110
113
120
118
111
105
106
115
121
123
128
132
124
111
108
99
88
79
68
58
53
54
63
68
67
63
74
102
126
135
121
104
91
91
102
122
156
187
197
114
39
33
15
67
129
34
0
5
17
34
67
98
102
88
58
43
34
39
43
39
36
38
65
73
84
93
98
101
103
104
166
160
153
148
141
128
109
94
74
62
54
48
37
43
90
146
161
166
111
59
49
18
4
47
29
3
24
47
58
121
174
155
118
92
66
58
62
76
102
127
116
105
100
108
120
121
114
107
97
109
117
116
117
121
119
112
100
90
78
69
59
51
51
55
61
65
61
56
66
90
108
112
82
71
68
80
98
123
159
191
200
173
74
34
12
40
91
2
12
22
29
39
71
106
108
88
61
50
43
41
35
29
37
51
63
72
85
96
101
103
105
107
171
165
156
146
132
112
89
74
55
58
61
62
62
67
76
84
109
129
127
91
52
34
27
19
20
25
36
53
70
80
81
78
69
66
67
66
58
57
79
107
127
117
108
108
113
113
104
94
94
99
107
113
115
113
109
105
97
89
77
64
53
47
45
45
57
65
64
60
77
105
109
93
52
49
52
64
73
78
84
92
118
111
87
52
29
21
14
5
19
22
36
62
86
93
80
65
53
49
44
42
43
45
47
48
47
61
76
88
98
105
106
104
157
150
141
130
118
101
82
69
67
71
74
74
72
73
78
83
70
80
89
84
68
56
61
73
80
77
75
77
82
85
83
80
85
83
87
94
93
91
101
116
122
116
110
110
112
109
98
88
87
91
97
101
101
98
92
88
84
79
70
60
51
44
40
38
46
57
62
62
77
102
114
111
100
93
88
88
87
85
87
92
95
94
84
69
66
70
66
56
54
48
46
53
65
69
62
54
61
57
51
47
47
48
48
48
49
59
69
77
87
97
101
101
149
142
133
123
114
102
90
81
84
88
92
92
90
90
92
95
92
88
100
118
116
102
110
133
115
111
105
103
102
100
95
91
98
92
93
104
111
110
112
118
115
113
111
111
108
100
89
80
85
88
91
93
91
86
79
75
71
68
64
57
50
43
37
34
36
46
56
62
71
89
108
119
131
122
112
105
98
92
93
97
96
99
99
99
106
113
107
95
88
79
70
67
69
72
72
69
74
69
63
59
56
55
53
52
56
61
65
68
76
88
95
97
144
139
131
124
119
114
108
104
101
104
108
109
110
112
116
119
131
122
130
147
145
128
127
142
122
122
122
123
121
116
108
102
103
93
88
93
101
105
109
114
111
110
109
105
99
90
81
75
81
83
85
85
82
77
71
67
64
62
59
54
49
43
39
36
36
40
47
55
61
71
89
106
119
114
106
100
96
96
100
105
111
116
121
124
128
130
122
112
108
106
104
101
100
98
95
93
88
84
78
74
71
68
65
63
66
68
67
67
72
83
89
89
132
129
124
121
120
120
120
119
116
116
117
118
121
126
131
136
140
141
148
157
156
147
140
139
138
138
136
134
129
121
112
106
105
98
92
93
96
100
105
110
108
106
102
95
87
80
75
73
69
70
72
72
70
67
62
60
62
59
54
49
44
42
40
40
40
38
40
47
53
59
72
86
99
100
98
94
93
97
103
107
109
119
128
132
133
134
133
131
125
127
128
125
119
112
105
102
99
96
92
88
86
83
79
76
73
73
71
68
72
79
81
78
121
121
120
120
121
123
124
126
125
124
122
122
124
128
133
137
137
145
152
155
157
157
149
140
147
143
136
128
121
116
112
111
102
102
102
103
103
103
103
104
104
100
93
85
79
74
72
70
63
64
65
66
66
64
62
61
59
55
49
43
39
37
38
39
40
38
38
42
48
55
64
73
93
99
103
101
100
102
105
105
108
117
128
133
132
133
137
141
134
134
133
130
124
119
116
115
106
104
100
98
95
92
87
83
74
74
71
68
71
76
74
69
117
119
121
122
123
124
125
126
128
126
125
125
127
130
132
134
130
134
139
142
143
142
137
131
141
137
131
124
117
113
111
111
101
102
103
106
109
109
105
100
99
93
85
79
75
72
69
67
64
65
67
68
69
68
67
67
58
54
48
42
37
35
35
36
36
39
40
40
43
51
59
63
82
95
106
109
109
112
112
110
118
123
130
134
134
133
135
138
135
134
131
128
125
123
122
122
109
107
104
101
98
93
87
83
74
73
69
67
71
76
74
68
115
117
120
122
122
121
121
122
126
126
127
129
132
134
134
134
137
134
137
144
145
141
139
142
138
139
137
132
123
114
107
104
107
104
101
103
110
114
110
103
95
88
81
76
75
72
68
64
64
65
66
68
68
69
68
68
58
55
50
44
40
37
35
35
32
41
44
38
37
45
53
56
63
81
100
109
114
120
121
118
126
126
130
136
139
138
136
136
136
135
132
128
124
118
113
109
109
107
104
101
97
91
84
79
75
73
69
67
72
79
78
72
116
118
120
120
117
116
118
121
126
128
130
131
131
132
135
137
133
133
136
142
148
150
147
144
145
138
129
120
114
109
106
103
96
106
115
116
115
112
105
99
95
86
78
75
70
64
59
59
65
68
72
74
74
71
66
63
59
53
45
39
35
33
32
31
29
33
37
41
44
46
50
52
61
68
81
97
112
121
124
124
133
136
140
143
143
139
134
130
142
135
130
127
122
118
118
122
111
107
103
99
96
94
90
88
79
75
72
72
74
76
75
74
110
113
115
116
115
116
119
122
125
127
130
131
132
133
135
137
142
142
142
144
146
145
141
137
138
132
124
118
116
116
116
116
114
117
119
119
118
114
105
94
89
83
75
70
62
56
57
62
69
71
74
77
77
75
71
69
61
55
47
41
36
32
29
27
29
30
32
34
37
44
51
57
67
74
83
90
97
106
116
123
134
137
141
144
145
143
140
138
146
137
129
125
122
118
119
123
117
113
107
101
97
92
87
84
86
82
78
76
75
74
71
68
108
110
112
113
113
114
116
118
118
120
123
124
125
126
129
131
137
137
138
141
143
143
140
137
128
124
119
117
119
123
126
128
126
124
120
117
117
115
104
91
87
80
73
65
56
52
59
69
70
71
74
75
75
74
72
70
64
59
52
45
40
34
29
25
28
27
25
25
29
39
50
59
66
76
86
90
91
96
108
118
128
131
136
141
146
149
150
151
149
138
128
124
122
119
119
121
113
110
105
103
101
99
96
94
90
87
84
81
79
75
71
68
113
114
114
113
113
112
112
113
115
117
119
121
121
123
125
128
129
130
132
134
135
135
134
133
123
121
119
120
123
127
129
130
122
120
116
112
111
110
102
92
89
79
69
62
58
59
67
77
74
75
75
76
75
73
71
70
66
62
56
50
45
38
31
27
27
25
22
21
24
33
44
52
58
71
87
96
98
99
105
110
116
119
124
132
139
147
153
156
152
141
133
131
130
125
122
122
114
111
108
106
105
104
102
100
87
87
86
85
83
80
77
75
118
117
116
116
116
116
115
115
119
121
123
124
124
125
128
130
131
132
132
131
129
126
124
123
127
127
127
128
130
130
129
127
115
118
117
111
105
102
97
92
88
74
62
61
65
70
75
80
81
81
81
80
78
75
72
71
66
62
57
52
47
41
34
29
27
26
25
23
24
28
34
40
55
66
81
93
98
101
102
104
108
110
114
120
127
135
141
145
147
141
137
138
136
129
122
120
125
121
115
110
106
102
98
94
88
89
89
89
86
83
81
80
119
118
118
119
121
123
122
121
120
122
123
124
123
123
125
127
127
129
131
130
129
128
128
129
135
134
133
133
133
131
127
124
117
123
123
116
106
100
93
87
79
66
57
61
71
77
79
81
82
83
84
83
81
77
73
71
69
65
60
55
50
44
37
32
28
29
29
27
25
24
26
28
55
63
74
85
91
96
100
103
107
107
109
112
116
120
125
127
131
129
130
132
127
118
112
111
120
117
112
109
106
104
101
98
94
95
94
91
86
82
80
79
123
121
120
122
125
126
125
123
119
121
122
121
120
119
120
122
120
123
127
130
130
132
136
139
138
134
130
128
126
125
123
122
121
125
125
119
112
104
92
81
67
60
58
66
75
80
82
84
86
88
90
91
90
87
82
80
81
76
69
62
56
50
43
39
31
31
31
29
25
22
22
23
42
57
75
87
92
96
102
107
106
106
107
108
111
114
116
118
120
121
124
125
118
108
105
108
108
106
104
104
105
106
106
105
99
99
97
91
85
80
79
80
129
126
123
124
125
126
123
120
123
125
125
124
122
121
122
123
124
127
130
130
128
128
131
134
135
130
123
118
117
118
119
120
121
122
121
119
116
109
93
77
59
58
63
72
79
82
85
89
96
98
103
105
105
102
98
95
93
87
79
71
63
56
50
45
32
33
32
29
25
22
22
22
25
49
80
98
101
101
106
113
103
103
105
108
111
114
117
119
123
126
129
128
120
111
111
117
108
105
103
102
102
102
101
99
99
99
97
91
84
80
81
83
126
123
120
119
122
126
128
129
120
121
122
122
122
123
127
129
127
131
132
128
125
126
125
122
115
116
116
115
114
114
117
119
125
125
124
122
112
96
79
69
62
70
82
92
95
95
100
106
109
113
115
116
118
119
113
106
107
103
95
84
76
70
65
60
58
50
40
33
28
24
22
23
17
40
78
100
99
101
106
101
101
104
106
104
99
101
108
116
114
116
121
124
119
111
109
113
116
112
107
104
103
103
102
101
101
96
91
90
93
94
91
88
124
122
121
121
123
125
125
124
118
118
118
116
114
114
116
119
124
128
129
126
125
127
126
123
118
119
119
119
118
120
124
127
127
128
133
136
124
97
72
59
79
90
102
105
105
108
115
121
138
141
139
132
129
132
135
136
115
114
109
101
92
83
75
70
66
60
52
43
36
29
25
23
13
27
62
93
101
104
107
103
99
103
106
104
100
100
105
111
109
106
108
112
114
110
108
110
114
111
107
105
104
103
102
100
101
96
91
91
94
95
93
90
125
124
124
124
125
125
123
121
118
119
119
117
116
117
119
122
126
129
129
125
124
125
123
119
115
116
117
117
119
122
127
131
138
137
143
145
126
92
69
64
98
114
124
120
115
121
130
135
140
147
149
142
136
138
143
147
136
131
121
108
94
83
77
76
87
83
73
60
47
36
27
22
17
16
46
89
109
112
111
107
106
109
112
112
109
107
108
110
111
104
101
106
112
113
112
113
110
108
106
105
105
103
100
98
98
94
90
89
92
94
92
90
129
127
125
124
125
125
123
121
116
118
120
121
122
126
130
134
131
132
130
125
122
122
118
113
113
115
117
119
121
126
132
137
153
148
147
140
113
83
78
93
110
128
136
126
118
124
135
139
152
165
178
182
180
176
171
166
160
147
126
103
83
72
74
82
96
94
86
72
57
45
35
28
26
13
37
90
119
123
120
117
113
115
118
118
116
112
109
107
113
106
102
104
107
108
110
113
106
105
105
105
105
103
98
95
93
90
87
87
89
90
90
89
128
124
120
118
119
121
122
122
112
115
117
120
122
127
132
136
132
133
130
125
124
124
120
113
118
121
125
128
131
136
141
145
155
153
149
133
102
82
97
125
131
144
147
134
122
125
137
144
166
181
198
209
212
205
190
175
168
153
130
106
84
74
82
96
97
101
98
85
71
60
49
39
29
12
35
92
127
134
133
132
118
118
118
118
117
112
107
103
109
105
102
100
96
93
98
105
104
104
104
104
104
101
96
92
92
90
87
87
87
89
89
89
122
118
113
112
114
117
119
120
118
120
122
122
123
126
131
134
129
129
127
125
128
131
127
121
122
126
132
136
139
143
146
149
147
152
150
131
105
96
118
147
163
162
154
138
123
121
134
147
161
171
184
192
194
189
173
158
157
144
128
110
89
78
87
103
115
126
128
115
97
80
62
46
26
14
40
94
128
139
144
145
132
129
125
123
122
119
112
107
110
108
106
104
97
92
96
104
105
104
103
103
102
98
93
90
92
91
89
88
87
87
88
89
115
113
111
112
115
118
120
120
126
127
127
127
126
128
131
134
129
129
127
127
131
136
133
126
127
132
139
144
147
148
150
151
143
151
147
128
112
118
140
159
173
154
131
111
92
86
101
123
150
161
171
175
174
170
160
151
141
127
110
90
67
53
64
84
116
135
148
141
124
104
78
56
29
25
54
100
126
138
148
151
148
141
133
129
129
127
121
116
116
113
112
113
111
107
107
111
106
104
102
101
99
96
91
88
89
89
87
85
83
83
84
85
113
113
113
116
120
123
123
122
125
126
127
126
125
127
130
133
133
132
130
129
133
137
133
125
136
141
149
155
157
157
157
157
148
152
143
122
115
133
156
167
156
125
92
68
47
38
56
84
131
146
161
164
161
155
149
144
133
114
88
60
31
17
30
54
86
114
140
145
137
120
94
71
37
39
68
106
124
136
147
150
153
144
133
128
128
127
122
117
118
112
111
116
120
118
115
115
108
105
102
100
97
94
90
87
85
84
83
80
78
77
78
79
117
118
118
117
116
117
121
124
123
130
118
101
102
110
121
135
130
132
135
134
131
132
137
141
152
148
149
155
158
157
160
166
164
152
136
125
120
128
149
168
136
111
103
109
88
53
55
87
115
119
131
147
156
151
138
128
100
75
63
63
48
26
32
58
103
127
131
124
136
140
111
78
48
72
102
117
120
127
144
160
161
157
147
137
132
131
126
119
121
119
116
115
116
117
116
115
110
108
105
103
102
100
98
96
84
84
84
83
80
75
69
66
115
114
113
115
118
121
120
118
123
121
101
84
90
104
118
133
141
144
149
150
150
150
151
152
150
149
152
159
161
158
157
161
162
152
138
128
122
125
140
156
149
142
138
130
105
82
90
113
115
119
127
136
139
133
123
115
94
76
71
82
82
64
56
62
115
142
149
140
139
129
100
77
70
89
112
123
124
128
142
154
163
161
155
147
142
139
131
123
119
118
118
119
121
121
119
117
109
108
107
106
103
99
94
91
83
82
82
82
82
80
75
71
113
110
108
113
120
124
121
115
129
126
107
94
104
117
127
138
144
148
152
156
156
153
150
147
147
149
156
165
168
164
161
161
157
149
139
130
121
117
123
132
143
156
157
136
111
105
118
133
134
135
138
140
139
133
124
117
99
95
97
104
101
87
73
69
109
136
147
138
126
106
84
76
89
102
118
125
127
130
140
149
160
163
162
157
152
146
135
125
122
122
122
123
124
122
118
115
106
108
109
107
103
96
89
85
82
79
77
79
84
84
79
74
110
107
106
110
117
122
122
121
132
138
132
130
138
139
137
142
144
146
148
150
149
145
140
137
142
147
155
164
168
167
165
163
152
146
138
129
117
106
103
105
111
126
131
115
99
102
120
134
155
154
152
152
154
153
142
131
118
126
126
111
89
73
68
67
78
98
108
103
94
77
69
76
93
101
112
119
125
131
139
146
152
159
164
162
158
151
139
128
133
130
127
125
123
119
115
111
107
109
110
108
102
95
89
85
81
76
72
74
80
82
77
71
105
104
103
104
108
114
122
128
130
143
149
151
153
144
136
141
150
151
151
150
149
147
146
146
148
153
158
162
164
165
163
160
149
144
137
129
115
99
90
88
82
85
89
90
88
92
111
130
156
153
149
151
161
165
154
138
133
138
129
103
76
61
55
51
48
59
61
59
60
57
61
76
90
95
104
112
119
127
135
140
146
156
165
167
165
159
149
139
140
136
129
124
121
118
116
114
114
115
115
111
104
97
94
93
82
75
69
70
75
76
71
65
102
102
101
100
103
112
124
132
135
146
151
152
152
142
137
147
154
156
157
155
152
152
156
160
167
170
171
168
166
165
160
155
145
139
133
126
114
98
87
84
75
67
69
81
87
90
107
129
143
142
139
141
154
164
156
141
134
127
111
93
81
70
52
35
39
45
40
36
44
51
59
74
87
92
99
105
111
118
125
129
140
151
162
166
167
166
161
155
143
137
130
125
123
122
122
122
120
121
121
115
106
98
95
95
83
77
71
69
70
71
67
63
105
103
102
104
111
121
130
135
146
150
149
150
154
148
145
157
155
159
162
158
150
148
153
160
173
177
176
170
164
160
153
144
135
129
123
118
110
97
89
86
79
72
72
78
83
88
102
120
131
135
134
132
140
154
155
146
129
119
104
93
87
77
57
39
42
52
45
36
43
52
58
66
82
87
94
99
102
106
112
117
126
137
149
154
158
163
164
161
146
141
135
131
129
127
126
124
118
121
122
115
103
92
86
84
86
81
75
71
70
69
68
66
112
107
105
110
122
133
137
138
150
150
146
150
160
155
151
159
158
164
168
161
148
142
146
153
161
167
167
160
154
149
139
129
125
118
113
110
104
95
89
88
81
80
78
75
74
82
96
107
124
132
132
125
128
142
151
150
128
121
111
99
85
71
61
55
44
59
55
43
47
54
56
59
74
80
88
92
94
98
104
109
112
123
134
140
146
154
159
160
150
147
142
137
133
129
125
121
113
117
119
113
99
84
75
71
87
84
79
74
71
70
71
71
111
110
114
122
128
130
135
141
159
151
145
148
159
166
165
161
170
165
157
154
159
166
164
157
165
166
163
152
140
131
125
121
111
110
107
102
95
88
83
80
67
67
72
80
82
81
87
96
114
124
130
129
129
134
137
135
122
118
111
103
91
75
59
48
54
54
52
49
47
49
54
60
66
70
80
89
91
89
92
97
101
106
118
131
139
142
148
155
146
146
141
135
131
129
120
111
108
114
117
111
100
89
83
82
85
88
84
74
67
66
66
65
95
101
109
117
124
129
132
134
152
148
145
147
153
158
160
160
170
165
157
154
161
171
174
170
172
168
156
140
124
114
110
109
105
99
92
90
91
90
86
82
77
72
68
69
71
77
92
107
119
124
123
118
118
126
133
135
116
113
109
102
91
77
62
53
58
58
56
52
48
47
50
53
56
59
68
79
84
84
87
91
101
100
105
117
128
135
140
145
155
153
147
139
134
132
125
117
113
113
113
110
105
99
95
93
83
82
75
67
64
64
61
56
91
105
117
121
128
136
138
133
141
142
142
143
145
149
154
158
166
163
157
156
164
176
180
177
170
159
140
121
105
97
97
100
99
89
78
75
79
81
77
72
75
75
76
78
79
81
90
99
111
113
111
107
107
113
119
121
114
113
111
104
93
79
66
58
59
58
56
53
49
47
47
49
47
48
55
68
77
80
81
84
85
80
82
95
112
125
136
143
146
146
143
137
135
135
132
126
119
115
110
108
108
109
107
105
88
81
71
65
68
70
62
52
97
115
127
127
131
142
144
135
133
134
135
137
141
146
150
153
156
158
159
161
168
174
172
166
146
133
116
101
91
88
92
98
90
82
74
72
75
77
75
71
78
81
84
86
85
86
91
96
105
108
109
110
110
111
111
110
116
118
117
110
97
82
70
63
59
57
53
49
47
47
48
50
47
45
50
63
73
76
77
78
74
69
69
78
91
105
120
132
136
140
140
137
136
136
132
127
123
119
112
107
106
107
109
111
93
82
69
65
72
75
64
48
98
116
126
123
126
138
143
137
131
129
128
133
140
146
148
147
148
155
163
167
169
166
154
142
114
103
93
88
85
83
87
94
81
79
78
78
79
80
81
81
87
86
82
77
79
88
103
113
111
110
110
111
112
111
110
110
111
116
119
114
100
86
76
72
67
62
55
49
46
47
49
50
50
47
50
61
69
71
71
72
78
74
72
71
71
77
92
107
129
136
141
141
139
136
129
122
124
123
118
110
101
99
103
108
91
80
66
63
71
74
61
44
102
115
123
122
123
131
137
137
134
131
130
133
140
145
144
142
144
153
162
165
161
150
131
114
94
85
81
85
86
82
83
88
86
86
83
80
76
73
73
73
77
82
86
86
90
101
113
119
112
103
95
93
92
92
95
99
102
111
118
116
104
92
86
85
80
74
65
58
53
51
50
49
52
50
53
60
65
64
65
67
75
74
72
69
63
63
77
92
99
111
124
131
134
135
132
126
123
125
123
114
102
95
97
101
92
83
72
68
72
74
62
48
110
117
124
125
121
120
124
128
139
139
139
139
139
139
139
139
141
148
153
150
141
127
108
92
92
84
84
93
96
89
87
90
97
91
83
78
75
73
70
68
75
88
99
104
109
117
122
121
115
103
92
88
85
82
82
86
101
112
123
122
111
99
95
96
90
85
78
72
68
63
58
54
54
54
57
63
64
62
63
68
70
69
69
68
65
64
73
84
74
89
105
116
124
130
131
129
122
123
122
117
109
101
97
96
91
87
79
73
73
72
64
52
115
118
124
125
117
106
106
112
143
146
148
144
137
133
135
138
138
142
142
134
123
109
92
78
97
89
91
103
107
99
95
98
99
89
79
78
84
89
89
87
97
104
108
106
110
122
133
136
128
118
110
108
104
94
87
87
108
119
130
129
117
105
101
102
92
89
86
84
81
75
67
61
56
58
62
66
65
63
66
72
77
73
70
69
67
64
66
71
79
92
106
113
119
123
125
123
122
121
120
120
117
110
101
94
85
83
78
71
68
66
59
51
101
114
125
122
111
104
110
118
133
144
150
146
147
153
149
139
148
134
121
114
109
100
92
89
101
102
97
101
115
114
102
98
109
102
97
96
96
97
102
109
108
104
104
114
130
141
142
139
137
138
139
137
132
124
116
111
125
131
134
127
113
104
103
107
108
102
97
93
86
78
76
78
72
70
69
70
72
73
72
70
79
81
79
74
71
70
64
56
67
84
97
99
104
114
118
116
116
110
110
117
118
108
98
93
92
83
73
69
69
68
61
55
109
110
111
112
114
116
119
121
117
137
149
143
135
139
148
151
130
120
111
107
102
95
89
88
101
109
104
95
95
97
105
122
122
114
108
109
110
111
113
117
122
122
126
137
148
152
148
143
138
138
138
137
134
130
125
122
123
127
128
124
116
112
114
118
115
108
102
99
94
87
83
84
82
80
78
78
80
81
80
79
84
87
86
83
80
79
74
68
65
77
89
95
100
108
114
117
115
113
116
124
124
115
107
104
89
80
72
70
72
71
65
58
111
109
106
105
108
116
126
133
131
145
153
143
133
134
141
145
121
115
109
106
100
91
87
88
93
106
110
108
111
112
119
136
134
126
121
124
129
130
130
130
136
137
138
141
142
139
134
130
134
133
131
129
127
125
124
124
121
122
121
119
117
118
121
124
119
111
106
106
105
101
97
96
94
91
87
86
87
88
88
88
86
88
87
84
84
85
81
75
69
73
82
90
93
93
97
104
108
111
117
122
119
110
103
101
85
78
71
70
71
70
62
54
107
112
112
103
95
102
123
143
148
150
147
141
140
141
137
130
117
114
113
112
108
101
100
103
108
113
113
120
137
140
132
132
137
128
124
129
137
137
134
132
132
130
126
122
118
117
119
121
118
115
110
106
104
103
104
105
105
103
102
102
104
105
106
106
110
103
100
104
107
105
103
103
103
99
94
92
92
94
95
95
96
93
87
85
89
93
89
80
78
76
81
89
87
79
78
85
102
109
116
117
109
98
91
89
83
76
70
68
69
64
53
43
109
112
110
99
89
94
116
135
138
139
138
138
140
140
135
128
110
109
112
116
117
115
118
123
139
136
126
127
143
146
137
136
139
130
124
128
132
129
122
118
112
112
109
106
104
107
112
117
113
110
106
102
100
101
102
104
100
99
100
103
106
107
106
103
99
94
93
99
102
101
99
100
110
106
102
99
100
101
102
102
113
106
96
94
102
108
101
90
83
79
82
90
89
79
77
82
102
110
117
114
105
94
88
86
79
74
69
69
69
63
49
38
114
108
100
94
93
100
111
118
128
137
144
141
133
128
129
133
117
114
114
117
119
118
119
123
137
150
154
155
158
150
142
146
146
136
129
128
125
116
108
103
97
97
97
94
91
88
86
86
91
90
88
86
86
88
89
91
86
87
90
94
97
98
96
94
92
91
92
97
98
95
96
99
111
107
104
103
103
105
105
105
114
111
107
106
112
114
107
96
84
82
84
89
90
89
90
93
98
107
112
107
99
92
86
82
75
72
70
72
74
67
53
40
105
103
99
96
97
102
109
114
125
131
135
134
127
123
126
132
128
121
117
120
123
122
122
123
132
155
170
171
165
148
136
140
135
127
119
114
107
96
87
85
82
80
75
69
64
59
55
53
51
51
51
51
51
51
50
50
54
55
56
56
56
56
56
56
69
72
78
84
83
82
85
92
98
96
94
94
95
96
96
95
96
107
116
118
115
111
104
98
93
92
87
81
83
90
95
96
98
105
107
99
91
86
80
74
73
71
71
74
75
67
51
38
89
100
108
104
95
95
108
122
115
109
107
114
124
129
131
131
126
118
115
122
131
135
138
140
154
165
162
153
144
128
117
121
110
103
97
92
83
72
66
65
67
59
50
44
43
45
47
49
52
52
52
52
50
47
45
43
52
52
50
46
42
40
41
43
37
43
53
61
62
62
70
80
82
81
80
81
83
83
82
81
82
104
126
129
119
109
104
102
105
102
89
73
71
82
89
87
106
110
108
98
89
84
77
68
74
72
71
73
73
63
45
31
85
101
108
99
90
97
110
118
109
111
118
125
124
120
123
131
105
116
122
121
126
141
152
155
147
147
141
131
123
117
110
102
97
82
67
61
57
52
52
56
60
62
62
62
67
75
77
75
77
76
78
81
76
68
63
63
72
74
76
77
74
69
62
58
56
48
45
47
47
42
41
44
38
42
51
60
65
70
82
94
105
120
130
129
130
132
123
109
121
113
100
87
83
86
92
95
97
100
104
100
86
71
67
71
72
69
68
70
70
62
45
32
76
92
102
99
96
102
112
118
118
116
118
120
119
118
126
137
122
127
121
112
118
140
153
151
158
156
144
122
101
86
76
69
56
50
48
53
58
61
66
73
74
81
86
87
88
89
86
81
84
83
86
89
88
82
79
80
83
84
85
85
83
80
77
75
70
65
65
68
67
58
51
50
36
33
34
37
41
47
59
72
98
118
136
141
142
141
129
115
119
118
111
101
98
101
98
92
86
88
92
90
80
69
69
75
76
71
66
64
62
57
47
39
79
91
103
107
108
111
115
117
116
115
116
117
116
117
124
133
131
122
118
124
132
138
143
148
161
159
145
119
91
73
64
59
53
54
59
66
71
72
76
82
86
95
102
101
99
99
98
96
95
93
94
98
98
94
93
95
90
90
90
90
89
88
87
86
84
80
78
79
77
70
64
63
53
44
36
34
36
40
51
61
85
107
128
136
137
136
129
120
116
118
111
99
100
106
101
88
77
78
80
79
74
68
71
78
77
72
64
57
54
51
48
46
90
95
103
111
113
112
110
111
105
108
113
117
117
117
118
120
123
108
117
147
155
136
131
147
142
143
135
118
102
93
86
82
83
86
90
91
88
85
86
89
93
101
105
102
100
105
111
114
109
105
104
108
108
105
103
105
94
94
96
96
96
94
92
91
93
87
80
76
75
75
76
77
77
68
59
56
56
56
60
65
78
96
114
120
121
124
126
125
120
119
106
90
93
107
106
93
80
77
76
75
71
67
70
76
73
69
64
57
52
49
47
47
95
92
97
106
109
104
101
103
102
107
112
115
117
119
120
120
117
115
126
143
146
136
137
147
125
125
123
119
118
117
110
102
100
104
105
104
102
103
107
110
109
116
121
118
116
121
127
130
126
122
121
126
128
125
124
124
111
113
116
118
117
113
108
105
106
102
94
88
86
88
88
88
86
81
78
78
76
70
65
65
78
93
108
115
117
120
124
126
130
127
113
99
103
116
116
106
87
81
76
74
70
64
64
68
66
66
64
61
57
51
45
42
98
91
95
107
110
102
99
105
109
112
112
112
116
126
133
134
124
138
136
117
116
138
150
145
130
130
128
128
132
133
124
113
113
116
116
113
116
123
130
133
133
142
148
146
144
143
141
138
141
137
137
144
149
148
146
146
135
138
142
145
144
139
134
130
125
125
123
117
114
111
104
97
90
90
92
94
89
78
70
68
79
92
107
117
119
117
116
116
128
126
120
116
119
122
117
110
89
82
77
76
72
66
62
62
64
63
63
63
60
54
45
39
101
93
98
113
114
102
99
107
110
114
115
115
122
135
142
143
131
140
134
116
117
137
146
140
140
141
140
138
139
140
134
126
131
131
128
125
129
140
145
144
150
155
158
156
153
151
146
139
143
139
141
149
155
153
149
147
146
148
151
153
153
151
148
146
140
143
141
135
131
128
120
110
103
104
107
108
100
88
82
82
89
96
105
113
115
113
111
111
119
116
117
122
122
115
109
107
87
81
79
81
81
75
69
67
68
64
59
58
59
56
48
41
99
92
98
114
113
97
92
100
104
111
118
122
131
142
144
141
131
121
123
138
143
134
130
134
138
142
142
139
138
140
140
137
136
136
133
130
137
148
152
149
155
154
150
144
143
145
143
139
139
135
135
143
147
144
138
134
141
143
144
146
147
147
147
147
146
147
142
133
131
133
130
123
116
116
118
115
105
94
91
95
107
106
106
108
110
111
114
117
118
110
111
119
117
107
104
110
84
80
80
87
90
86
79
76
74
65
56
53
56
56
51
45
74
72
83
103
109
98
94
100
111
106
114
125
129
135
137
127
123
115
123
143
146
129
125
136
142
140
138
138
140
141
141
139
137
140
144
148
150
149
148
146
146
140
137
136
132
126
128
134
131
130
129
127
126
129
134
138
127
128
132
134
131
129
134
143
141
138
139
144
142
135
132
134
124
124
122
117
110
103
99
97
117
109
100
97
101
108
115
119
121
115
110
108
109
104
93
84
96
90
88
89
86
79
74
74
65
52
46
52
53
44
39
42
71
70
78
92
98
95
95
100
109
105
112
119
117
119
120
111
112
116
123
129
133
137
141
146
145
143
139
136
134
133
132
131
136
140
145
150
153
153
151
149
145
136
130
131
132
129
129
132
122
121
120
118
118
117
117
117
122
124
130
137
138
135
135
139
145
140
138
141
140
134
131
133
124
122
117
109
101
95
93
93
110
103
97
97
103
108
108
106
103
101
101
105
108
104
94
84
81
79
76
77
80
83
82
80
58
51
49
54
56
52
46
45
74
75
78
82
87
91
95
98
100
98
106
110
103
103
106
100
109
124
126
114
115
132
142
139
139
139
138
136
135
136
139
142
141
144
149
154
157
157
156
155
148
138
131
133
138
139
137
136
130
128
126
127
128
125
120
115
123
126
135
145
148
145
142
143
152
145
141
142
142
138
134
133
127
123
116
106
97
92
91
92
107
103
101
105
111
112
105
98
96
94
95
100
106
106
100
94
79
79
72
65
68
75
73
64
50
52
51
50
52
54
48
39
74
78
77
75
77
84
87
86
87
88
99
104
97
98
105
103
105
122
125
111
108
123
133
131
132
133
134
134
135
139
144
149
147
148
150
152
154
155
156
157
152
146
141
142
146
148
148
147
146
142
138
139
141
140
133
127
129
133
140
148
150
148
150
155
158
153
150
150
151
147
140
135
131
128
121
112
103
98
97
98
104
105
108
111
112
109
101
95
98
93
90
91
96
99
99
97
80
82
74
61
61
68
61
45
45
52
50
41
41
47
42
30
65
70
71
69
71
77
78
75
80
83
96
101
95
98
107
107
100
110
118
120
119
122
129
135
132
132
132
131
132
134
137
140
150
149
148
148
149
152
154
156
158
159
158
156
155
156
157
157
154
147
140
137
138
137
132
127
129
131
135
137
134
134
144
156
157
158
159
160
159
155
145
137
131
130
125
118
111
105
103
103
97
102
107
107
103
96
92
90
91
88
86
85
86
85
82
79
71
77
73
63
63
69
61
45
42
50
46
32
31
40
39
27
59
61
66
72
76
78
79
79
80
81
93
98
91
94
103
102
105
106
114
124
123
117
120
129
127
126
126
128
133
136
137
137
147
147
148
150
154
158
161
163
166
172
174
170
165
164
163
160
154
147
137
131
129
128
126
124
119
118
117
116
112
113
124
137
148
154
160
160
158
153
145
137
129
128
124
118
111
105
103
103
97
101
104
103
98
91
86
84
81
82
84
86
84
78
68
61
67
72
72
66
63
63
56
45
40
46
42
30
28
37
38
31
56
54
60
72
77
74
75
81
79
77
86
90
84
87
94
91
100
98
101
108
108
105
107
114
118
115
114
120
128
132
130
126
126
131
139
148
156
161
164
165
163
168
169
164
161
159
152
143
134
130
124
119
116
116
117
118
111
105
101
102
103
102
104
108
132
143
151
149
145
142
138
132
130
127
121
113
105
100
99
100
98
97
96
97
97
91
81
72
73
74
75
77
75
71
65
60
62
64
64
60
52
46
41
39
40
43
40
33
29
32
32
29
53
46
50
65
69
62
63
73
74
71
78
83
78
81
87
83
79
80
81
83
89
98
105
109
114
108
104
108
114
115
107
98
98
107
122
137
148
154
156
156
149
151
149
145
145
143
131
116
102
102
101
99
97
99
102
105
109
99
93
99
105
103
95
90
121
134
142
138
132
131
131
128
133
128
119
108
99
96
97
99
94
88
84
88
93
88
72
57
67
64
60
57
57
60
63
65
49
48
49
49
41
33
34
40
42
42
41
35
30
26
23
21
57
53
52
56
63
68
66
62
50
67
70
64
67
70
72
79
68
67
69
85
97
90
89
107
104
95
92
100
105
96
81
72
85
95
118
132
131
135
143
142
138
134
128
123
117
110
103
97
82
85
95
107
110
104
101
104
109
103
97
90
82
78
84
94
119
118
120
123
122
117
117
120
118
104
92
92
97
98
97
97
85
82
76
73
76
78
71
61
60
53
49
54
59
59
57
57
42
44
42
38
37
40
40
37
41
44
44
37
32
29
26
22
49
50
53
55
56
58
61
63
62
74
71
63
68
72
74
82
72
70
70
81
89
81
80
97
98
90
89
96
101
95
87
82
90
96
114
127
125
129
135
132
122
117
111
107
105
102
98
95
99
98
102
108
108
102
100
103
104
101
98
97
93
88
91
96
112
110
110
112
109
102
98
100
105
94
85
84
85
84
82
83
77
74
69
66
69
70
63
54
50
45
44
48
51
48
46
47
45
47
46
41
41
44
44
41
37
41
41
34
29
26
23
19
39
46
53
53
48
48
54
62
70
75
65
56
62
67
69
77
74
71
67
71
75
65
64
81
89
86
85
90
93
93
93
95
97
97
109
119
118
122
125
119
113
108
102
101
103
106
105
104
114
110
108
108
107
103
103
106
107
105
106
111
113
108
105
105
107
104
102
102
96
85
79
78
89
83
79
77
74
68
67
70
66
64
60
57
59
60
54
44
41
40
42
45
43
37
35
38
40
42
40
35
35
38
39
36
33
37
37
30
24
22
19
15
35
43
50
49
45
44
51
58
69
68
55
47
54
57
57
63
72
70
62
61
61
51
51
67
84
84
84
84
86
90
98
105
102
97
105
113
113
118
120
112
112
108
104
105
111
115
115
113
116
113
109
108
108
108
110
111
111
108
110
118
123
120
113
110
108
104
101
100
93
81
71
67
78
78
78
77
70
62
62
66
58
57
55
52
53
54
48
39
38
40
45
47
41
32
30
34
34
36
33
28
28
31
32
30
31
35
34
28
22
20
17
12