112
92
154
170
182
180
176
180
189
194
192
198
198
191
189
196
208
216
213
215
210
202
199
206
216
221
219
219
221
225
231
235
237
237
232
227
218
209
204
202
199
195
191
181
174
176
179
176
170
167
166
165
164
162
164
169
177
183
182
187
180
163
160
173
181
178
188
179
175
180
181
174
166
164
153
144
135
130
126
124
126
131
129
131
127
118
111
109
105
101
100
96
90
85
81
74
66
60
55
54
52
51
49
45
39
35
27
23
18
14
13
14
13
13
153
163
170
170
172
182
191
195
187
193
196
194
195
203
212
216
206
208
207
205
208
214
216
214
202
209
220
231
239
242
242
241
239
223
207
204
209
210
202
195
193
185
176
173
173
173
174
176
163
162
162
164
168
172
174
174
177
179
174
165
165
176
182
181
189
180
176
180
182
177
171
168
155
148
141
138
134
129
128
131
129
130
127
119
114
112
109
105
106
99
88
79
74
72
69
67
56
54
52
50
48
44
39
35
30
26
20
16
14
14
14
13
164
166
166
166
171
181
189
192
190
196
200
202
207
214
217
216
211
213
214
216
222
225
220
212
205
217
234
246
251
251
249
248
246
227
212
210
210
204
198
198
193
189
181
174
170
172
174
175
165
161
158
159
164
169
172
172
179
177
175
176
178
182
184
185
186
178
172
174
177
175
171
168
153
146
142
141
138
131
127
127
127
128
125
118
115
115
113
110
108
101
90
81
75
73
71
71
60
57
53
50
47
43
39
36
32
27
21
17
16
15
15
14
164
166
166
167
172
180
189
194
198
201
203
205
211
218
217
213
221
224
225
225
227
228
224
216
221
230
240
244
243
241
242
244
247
240
235
229
212
195
195
206
202
200
193
183
179
181
179
173
179
173
164
159
159
165
172
178
180
176
178
184
187
184
181
181
180
173
167
166
169
170
167
164
148
141
136
137
136
130
126
125
126
126
123
117
115
117
116
112
104
101
96
91
85
78
72
69
67
63
57
52
48
44
40
37
30
26
20
17
16
16
16
16
153
159
167
172
175
180
191
201
201
202
201
202
209
217
218
213
226
230
230
226
223
226
229
229
227
228
228
223
219
221
230
238
246
245
245
241
225
207
205
214
213
210
198
183
183
192
192
183
188
185
178
168
160
158
162
167
170
170
177
186
188
182
176
175
178
172
166
164
167
170
168
164
149
140
133
133
134
132
130
131
129
128
123
117
116
119
117
112
102
102
99
94
87
80
74
70
72
68
61
55
50
46
41
37
26
23
18
15
15
17
17
17
163
168
176
182
182
183
191
201
206
207
206
206
213
223
226
224
227
232
233
228
226
232
239
243
231
228
222
216
215
222
234
243
241
237
234
234
233
227
216
208
206
205
189
167
166
184
192
186
176
178
178
172
161
149
140
135
157
166
178
186
187
183
178
175
174
170
165
163
168
174
173
167
154
143
134
133
136
136
135
136
133
130
123
116
115
116
113
108
102
100
95
87
79
74
72
72
68
64
59
55
51
47
41
38
26
22
18
15
15
16
17
17
171
170
175
183
186
187
192
200
209
212
212
212
217
225
228
226
222
226
227
226
228
234
237
237
234
230
225
221
222
226
232
237
231
231
225
217
216
216
204
187
184
194
184
158
149
164
174
171
163
163
165
167
164
152
134
120
144
163
178
180
177
177
172
165
159
158
156
156
163
172
172
166
153
141
131
131
133
132
129
128
131
127
117
109
107
108
103
96
91
91
88
82
74
67
64
63
55
54
52
50
49
46
41
38
31
26
21
17
16
16
16
15
155
151
155
169
183
191
198
205
206
211
212
211
212
217
218
216
212
214
216
217
223
227
223
215
226
224
221
219
218
217
214
211
221
232
227
205
189
187
179
166
170
192
194
166
147
153
159
154
162
157
156
163
171
166
148
131
131
155
172
168
161
161
157
147
142
144
144
145
155
166
167
161
147
136
126
125
127
123
118
116
127
121
110
101
98
98
93
85
76
81
85
83
75
63
54
50
45
44
45
46
46
45
41
37
35
30
24
19
17
16
15
13
125
122
133
157
176
182
188
196
202
203
204
204
203
202
200
199
195
196
197
199
200
200
199
198
186
199
209
207
203
201
198
193
200
200
199
196
190
181
172
167
171
168
165
163
160
154
145
138
155
150
146
149
154
156
151
146
144
142
143
147
151
151
144
138
131
127
125
128
137
146
151
153
144
136
128
123
121
115
104
95
101
97
92
86
80
76
74
72
61
63
66
67
63
55
47
41
36
34
33
31
31
31
33
33
32
30
26
22
19
17
17
17
90
100
126
160
181
186
190
198
189
189
188
186
183
178
174
172
160
160
160
164
171
180
188
193
189
196
197
190
184
184
186
185
193
191
187
181
175
170
166
163
159
157
156
157
158
156
152
148
151
152
153
153
150
146
143
141
139
138
138
142
146
146
141
135
130
125
121
121
125
129
131
130
131
124
117
114
113
109
100
91
84
81
75
69
63
58
55
54
47
48
48
47
43
37
31
27
24
24
24
24
25
26
27
28
25
24
23
22
20
19
18
17
94
111
144
177
189
184
180
183
158
158
158
156
153
149
145
142
138
136
134
135
140
146
150
152
147
149
146
139
138
145
155
161
166
162
156
151
148
148
150
152
144
144
144
146
150
152
152
151
136
144
151
151
146
142
142
145
134
132
131
133
136
136
132
128
124
119
113
111
111
111
108
105
101
96
90
89
89
87
79
73
67
64
58
51
45
40
37
36
29
28
26
23
20
18
15
14
17
18
18
19
19
18
17
17
17
18
20
21
21
20
18
17
135
144
162
176
173
156
141
136
115
116
116
115
112
107
103
100
103
102
102
103
105
103
98
94
86
86
84
82
86
97
109
118
122
120
116
115
117
122
128
132
132
131
132
134
137
141
143
145
132
138
144
144
140
137
137
140
130
128
125
124
124
122
118
115
105
100
95
93
92
90
86
82
72
68
63
62
62
60
55
51
55
52
47
41
35
31
28
27
21
20
19
19
20
23
25
27
34
34
33
30
27
22
19
16
17
17
17
18
18
18
18
18
146
142
138
135
126
110
95
86
89
90
90
89
86
81
75
72
67
65
65
66
69
67
60
54
55
54
54
55
58
63
71
77
88
88
89
91
95
101
106
110
119
120
121
124
127
132
137
140
145
143
140
137
134
130
125
121
124
122
118
114
110
105
100
97
83
78
74
71
70
68
62
58
56
52
48
46
46
44
40
37
40
37
33
29
25
22
21
20
18
20
25
31
39
48
55
59
57
56
54
50
44
38
33
30
24
21
18
15
14
15
17
19
119
110
100
94
92
89
84
80
95
98
104
108
111
111
109
108
102
93
80
71
65
59
50
43
49
46
47
51
54
54
57
62
72
74
77
80
84
87
90
91
103
106
111
115
120
127
134
139
145
140
135
134
136
133
124
115
114
112
109
103
96
88
82
78
71
67
61
57
56
52
47
42
42
39
36
33
32
31
28
26
22
21
19
17
16
16
16
17
17
22
32
43
54
63
69
72
60
59
56
53
48
44
40
38
30
26
20
15
13
14
16
18
102
99
96
94
97
104
110
112
123
128
137
146
153
157
158
158
157
145
129
115
105
93
80
69
65
58
54
55
55
53
55
60
60
62
66
70
74
77
78
79
89
94
101
107
112
119
127
132
137
134
135
139
143
139
128
118
100
100
98
92
83
74
67
62
59
54
48
44
43
41
36
32
29
26
24
21
21
20
19
19
17
16
16
17
19
21
24
26
33
39
49
58
63
65
63
61
52
50
47
43
40
38
36
35
32
28
24
19
16
15
16
17
105
110
114
114
117
124
134
140
147
151
158
165
169
170
168
167
162
156
150
147
145
136
123
111
95
82
70
63
56
49
48
53
48
50
54
59
64
69
72
73
81
86
94
99
104
110
117
122
138
139
143
147
147
138
124
112
90
91
90
85
76
66
58
54
42
37
32
29
29
29
26
23
23
21
19
18
17
18
18
18
21
22
23
25
29
33
37
39
60
65
71
76
74
66
56
50
50
48
44
40
36
34
33
32
30
29
26
23
20
18
17
16
133
137
143
147
149
149
150
151
152
159
165
163
156
152
154
158
152
154
134
145
142
122
129
115
101
91
82
74
60
45
43
50
43
44
45
45
47
54
65
73
72
78
85
90
99
112
125
133
141
144
147
148
148
139
120
101
95
79
73
70
56
47
42
32
29
22
19
23
26
24
20
18
16
14
14
16
16
14
18
25
20
21
47
34
35
66
66
70
71
70
69
68
66
62
57
52
48
47
44
41
37
34
33
32
29
28
26
23
20
18
16
14
155
156
156
157
157
158
157
157
156
148
142
143
148
150
144
137
123
132
119
109
107
106
93
60
66
55
47
45
43
40
42
47
47
50
52
53
53
54
58
61
67
75
85
93
103
116
131
141
149
156
163
167
166
154
129
107
92
75
67
62
48
38
33
24
17
24
27
21
17
16
15
12
17
17
19
23
22
18
18
22
42
34
52
70
81
80
73
84
71
65
56
48
43
40
38
37
41
40
38
37
36
35
32
30
30
29
27
25
22
19
18
17
159
155
151
150
150
150
147
144
129
132
134
130
118
103
89
82
89
91
111
117
111
104
98
112
88
74
58
51
48
44
40
37
49
53
57
61
63
65
68
70
80
88
98
105
110
118
131
143
161
172
185
192
188
170
139
113
90
72
62
55
39
30
26
18
18
24
22
11
8
16
21
19
21
16
14
17
24
35
51
65
90
112
119
137
151
139
117
93
95
87
73
61
51
44
39
36
32
30
29
30
33
34
32
29
30
30
28
26
24
22
20
19
149
144
139
137
138
136
130
124
118
108
91
76
68
72
84
93
124
112
131
120
103
92
72
91
73
67
60
57
61
66
65
61
58
60
64
69
74
79
84
86
96
103
114
121
123
127
138
150
172
185
200
206
200
177
143
115
93
72
60
50
35
27
25
19
22
19
15
12
13
16
17
17
19
25
39
59
76
89
103
114
104
117
96
110
122
101
93
74
74
71
65
60
53
46
38
32
28
24
20
22
27
32
33
32
29
29
28
26
25
23
22
22
148
144
139
136
134
127
115
105
84
66
52
61
86
104
104
96
89
87
85
51
63
96
55
14
23
29
34
36
45
56
60
56
63
66
71
78
84
89
92
92
108
113
123
133
137
140
152
165
179
192
205
208
199
176
142
116
96
74
58
47
31
25
26
21
18
15
17
23
18
11
17
32
54
65
83
99
99
85
70
64
68
42
33
94
99
30
17
31
27
28
30
34
37
37
35
32
27
21
16
15
20
28
33
36
28
28
27
27
26
25
24
24
146
143
137
131
122
108
93
83
55
60
72
90
101
93
68
46
41
34
26
15
39
69
42
5
9
21
28
27
33
45
46
37
47
51
60
74
89
102
110
114
136
134
138
146
148
146
153
164
182
193
205
206
196
174
144
120
101
77
58
44
27
22
24
21
20
18
17
17
15
26
60
94
98
88
75
66
59
56
63
72
59
19
26
82
73
13
0
0
14
13
13
15
19
23
24
25
24
21
16
13
15
21
30
36
29
29
29
28
28
28
28
28
145
141
135
124
110
94
81
72
80
82
78
66
52
48
57
67
112
78
39
37
32
11
5
2
15
27
34
37
53
74
76
63
37
36
39
53
79
110
137
153
172
162
157
160
158
152
152
160
181
193
205
207
198
178
151
130
110
84
62
45
26
20
23
20
20
21
16
15
35
71
97
104
72
58
45
45
61
93
134
164
100
34
22
25
6
8
13
6
20
19
18
18
18
17
14
11
19
20
18
14
12
15
23
30
31
31
31
32
32
32
32
32
151
148
141
128
113
98
87
82
78
68
53
43
47
69
100
121
150
112
41
27
28
23
36
20
36
44
45
46
66
90
89
72
50
38
27
33
62
107
152
179
188
174
167
170
169
162
162
168
179
193
207
210
202
184
158
138
118
91
67
47
27
20
23
20
11
19
21
31
74
111
89
38
20
29
50
76
98
115
131
143
133
39
41
59
40
42
40
38
33
36
42
47
48
43
34
27
14
18
20
17
11
11
17
24
33
33
34
34
35
35
35
36
150
153
148
132
116
105
93
82
67
68
68
72
84
97
101
99
130
120
88
58
70
99
89
52
60
67
74
78
83
88
87
83
82
84
84
79
79
101
148
190
196
188
178
172
171
170
164
159
174
189
205
207
193
171
151
140
117
102
78
52
32
22
22
24
17
17
35
68
92
95
89
88
90
89
94
103
106
103
105
110
100
103
106
105
99
87
75
66
60
62
67
70
70
65
56
49
29
21
15
16
18
19
22
25
25
31
38
41
42
43
46
50
165
161
149
131
117
109
100
91
90
91
89
91
99
108
110
106
120
128
130
122
120
124
121
112
106
104
97
91
89
88
81
71
82
94
109
118
120
130
156
181
190
188
184
180
175
170
165
162
180
188
196
193
179
161
146
138
114
101
79
55
36
26
23
23
21
23
39
67
89
100
111
123
111
105
102
105
107
108
113
120
102
102
101
99
93
85
75
69
65
64
62
61
58
53
46
41
29
22
17
18
19
18
18
20
26
30
37
45
50
51
49
46
180
175
163
150
141
134
125
116
118
118
117
116
120
125
124
118
115
122
132
133
114
89
81
87
89
84
77
74
79
86
84
77
80
86
98
110
119
134
158
180
186
188
190
186
179
170
165
163
174
179
183
179
166
150
136
129
110
98
78
57
40
29
25
23
24
29
44
63
76
87
106
125
102
95
89
89
91
94
99
104
110
107
102
98
94
88
82
78
74
68
61
54
48
44
40
37
28
24
23
26
27
24
22
23
21
21
26
37
49
57
58
56
189
186
183
181
180
173
161
151
146
147
146
143
144
146
143
137
138
128
124
126
118
99
88
88
87
87
85
83
87
95
98
97
108
103
102
109
122
142
168
188
187
188
188
184
177
169
162
158
156
161
168
168
159
143
128
118
106
94
74
54
39
30
26
24
19
27
43
59
68
75
90
105
99
98
97
99
100
101
101
101
110
105
98
94
90
85
79
74
73
67
58
50
44
40
37
35
31
29
32
39
40
37
34
36
28
25
23
27
35
45
53
56
195
193
193
197
199
195
185
178
174
176
173
168
166
166
162
156
158
145
130
124
126
124
113
101
98
106
112
111
111
117
126
130
132
127
126
135
147
157
167
175
191
186
179
175
172
166
158
151
143
146
151
153
149
139
125
116
102
88
67
47
34
29
26
26
16
23
37
54
68
79
93
103
112
115
117
116
114
113
112
112
106
101
95
91
89
84
75
69
67
63
57
52
48
44
41
38
43
42
46
52
52
47
44
46
48
46
43
37
32
31
35
38
200
194
192
194
196
194
191
190
189
190
187
180
177
176
173
169
156
159
154
145
142
144
137
125
124
136
144
139
133
135
143
149
139
135
138
151
164
172
176
179
189
181
171
166
165
161
153
146
145
142
140
140
139
135
127
121
97
82
61
42
32
28
26
26
27
28
34
44
58
75
91
101
122
128
130
123
117
117
120
122
122
117
112
111
110
106
97
90
79
77
73
71
68
65
60
56
62
61
62
63
59
52
50
52
55
60
65
62
52
43
37
35
199
196
196
199
199
195
194
196
192
194
193
188
186
189
190
188
178
189
199
202
203
205
203
197
183
188
185
170
152
144
142
143
155
152
156
170
185
193
196
198
179
174
168
164
160
156
151
147
150
146
141
140
140
135
126
118
92
78
58
42
34
30
26
24
33
33
34
37
46
61
77
88
121
135
145
140
131
131
135
138
141
136
131
131
134
133
126
119
105
103
100
97
94
90
84
80
79
77
76
74
68
60
59
63
61
67
76
80
76
67
57
50
196
197
205
214
213
204
199
201
195
199
200
198
200
207
212
213
220
219
223
228
227
217
205
200
184
185
180
167
155
151
150
149
155
157
169
186
196
193
183
177
169
170
169
165
158
153
150
149
151
149
148
149
147
138
122
109
88
75
58
45
37
32
26
22
24
31
36
39
44
57
73
83
96
120
141
143
136
132
133
134
141
135
129
130
135
137
134
129
123
120
115
110
106
101
96
92
89
86
84
82
75
69
70
75
78
78
81
85
86
80
68
59
212
213
213
209
204
202
203
205
207
205
205
207
211
216
220
222
228
226
224
222
220
213
204
197
181
179
171
161
156
157
159
157
160
171
186
194
193
184
176
171
170
166
167
166
155
142
142
152
149
158
156
143
137
135
123
105
81
73
59
46
36
30
28
27
26
28
33
37
41
48
64
80
94
108
124
136
148
155
146
132
137
136
135
131
129
129
131
134
124
114
110
115
117
113
108
107
94
93
91
89
87
86
85
85
92
86
86
91
91
81
72
70
206
208
210
209
208
208
210
213
212
211
212
214
217
220
223
224
233
230
225
220
215
207
198
192
188
183
172
163
165
175
183
185
185
192
200
204
201
192
183
177
166
162
159
154
146
140
143
150
155
159
157
147
140
136
125
111
89
81
67
52
41
33
28
25
26
27
30
33
36
42
58
73
97
110
121
128
137
147
145
137
132
133
133
133
132
130
128
126
122
116
114
118
119
114
109
109
103
102
100
98
96
95
94
93
100
93
90
92
90
80
71
68
205
207
209
210
211
212
214
217
215
216
217
219
220
221
222
222
221
218
214
210
207
204
199
196
184
179
172
169
178
193
201
201
196
197
198
198
196
189
180
173
162
159
151
142
139
144
149
151
156
154
149
144
137
129
119
112
95
86
73
60
48
39
31
27
26
25
26
28
29
35
49
64
88
104
118
124
131
140
144
140
136
134
132
133
135
134
130
126
123
121
121
124
122
117
115
115
113
113
111
109
107
105
103
103
105
98
93
92
90
82
74
70
209
210
211
212
212
212
213
213
213
216
218
219
219
217
216
216
208
205
202
199
197
197
197
196
180
180
181
186
198
207
205
198
190
188
185
183
182
178
171
165
158
158
149
139
141
153
158
153
156
149
144
141
134
123
114
112
96
88
76
64
54
45
36
30
25
23
22
24
25
30
43
56
69
93
117
126
131
138
141
139
146
140
133
133
136
139
137
134
130
129
129
127
124
121
122
124
118
118
116
114
112
110
107
106
103
98
92
90
88
84
78
74
211
211
211
212
212
212
211
209
211
214
218
218
215
212
211
211
208
206
201
195
191
189
190
191
194
195
198
203
211
215
207
195
192
189
185
182
180
175
168
162
152
153
149
143
148
160
161
154
161
153
147
145
138
127
119
117
101
91
78
67
57
47
36
28
25
22
21
23
24
27
38
48
61
88
113
123
127
133
137
137
144
139
136
137
142
143
140
135
135
134
130
124
121
122
125
127
116
116
115
113
111
108
105
103
101
97
91
87
85
83
77
72
207
206
207
210
212
213
211
209
210
214
217
217
212
209
208
209
203
202
200
196
193
193
196
199
208
207
204
201
204
207
201
193
198
196
193
189
182
172
162
155
145
147
147
148
154
160
160
155
163
160
154
148
141
133
125
119
111
100
84
70
59
48
35
25
27
24
22
24
24
25
31
39
60
84
106
113
117
126
134
136
131
133
136
142
145
143
137
131
137
135
129
121
118
121
123
122
113
113
112
111
108
104
101
99
98
95
89
82
79
77
71
63
204
203
204
208
211
212
209
206
208
212
215
213
208
204
205
207
196
197
197
197
196
198
204
208
206
205
199
193
191
194
192
188
195
197
197
192
180
165
152
145
144
143
147
154
159
159
159
161
167
169
165
153
147
144
135
123
120
107
89
75
64
53
39
30
30
26
25
25
24
21
23
28
47
72
97
107
114
125
132
133
128
130
133
137
139
139
137
136
138
137
131
123
123
125
122
115
112
112
112
110
107
103
100
97
90
89
84
77
75
74
67
58
204
204
204
207
210
210
206
202
205
208
211
209
203
200
202
205
199
200
200
197
194
194
198
201
198
200
198
192
189
190
188
184
189
194
198
193
180
162
148
140
146
143
148
159
162
158
160
167
175
182
178
163
157
157
147
131
123
109
92
78
68
59
47
37
33
29
26
26
23
18
17
20
28
57
90
109
120
129
132
129
135
133
130
128
128
134
143
149
141
140
135
129
130
131
124
112
113
113
113
111
108
104
100
97
81
82
79
73
73
74
68
58
194
191
188
190
197
203
205
205
195
198
201
202
202
201
202
203
205
200
193
189
188
189
190
191
186
186
185
185
185
188
193
196
197
194
192
186
166
143
136
142
150
158
161
157
159
170
181
185
203
204
195
180
173
170
156
138
125
113
97
83
67
51
42
40
33
31
28
27
26
23
18
13
15
31
62
96
115
118
120
125
125
126
124
121
124
130
132
130
126
134
137
130
122
120
121
121
118
116
112
106
101
96
93
91
84
81
75
71
73
74
66
56
188
187
187
191
196
198
196
194
194
193
191
188
186
188
192
195
202
197
192
189
188
189
190
189
195
194
191
187
185
186
188
190
193
191
188
180
161
142
139
145
168
163
161
163
166
175
198
221
238
235
219
195
178
168
152
135
129
115
95
75
55
38
32
33
30
28
27
26
27
25
20
16
12
20
40
73
104
122
126
126
132
133
130
127
128
133
135
133
124
130
133
127
121
120
119
117
115
114
111
107
102
95
90
86
82
78
72
68
70
71
63
53
182
183
186
191
196
195
189
183
189
189
189
188
187
189
192
196
199
196
192
191
190
190
188
186
185
184
183
183
186
190
195
198
196
194
189
176
158
146
148
155
175
161
156
164
167
171
197
229
247
243
225
198
176
163
149
136
130
111
85
60
37
22
20
24
26
25
24
25
25
24
21
18
13
11
18
43
82
115
129
127
137
139
136
131
130
134
136
134
129
133
132
128
126
127
125
121
111
111
111
107
102
94
86
81
78
75
70
65
65
66
59
49
178
179
183
189
194
193
187
181
178
184
192
198
200
201
201
201
199
197
195
194
192
190
185
182
172
172
173
178
185
192
198
201
199
196
186
169
154
151
158
165
168
156
151
156
159
162
175
193
212
211
200
181
164
154
146
138
123
98
66
41
24
15
14
17
23
24
25
25
25
24
21
19
16
13
10
20
52
93
121
131
138
140
139
133
130
132
133
132
134
133
129
124
125
129
128
123
112
111
109
105
99
91
84
80
74
73
67
62
61
60
54
45
173
173
175
180
186
189
187
183
175
181
190
197
201
202
203
204
202
200
198
196
193
189
183
179
178
177
176
179
183
187
187
187
192
190
178
159
151
158
168
171
167
158
146
140
145
156
162
163
173
174
171
161
149
140
132
126
108
80
46
27
21
19
18
18
25
27
30
32
30
27
23
20
14
15
12
10
25
62
105
134
137
141
141
136
132
132
133
131
129
126
118
112
115
120
121
117
114
112
107
101
94
88
83
80
71
70
65
59
56
55
49
41
168
166
166
170
177
183
185
184
187
188
190
191
192
196
202
206
201
199
197
195
193
188
181
177
183
181
181
183
186
185
181
177
183
183
173
158
157
169
174
169
158
146
124
107
113
135
150
153
155
155
151
144
133
120
107
98
85
59
32
20
20
20
19
19
24
30
36
39
36
31
26
23
9
12
14
11
12
35
81
121
135
142
146
142
137
136
135
133
126
124
117
111
112
117
117
113
114
110
105
97
90
84
79
77
66
66
61
54
50
48
43
35
167
164
163
166
174
181
183
184
193
192
191
189
189
192
197
201
196
195
193
192
190
187
181
178
181
180
180
184
187
185
178
171
174
177
169
157
160
169
162
144
117
97
70
53
57
78
109
131
138
134
128
122
113
98
82
71
55
39
21
14
12
10
11
13
17
25
35
40
38
32
26
23
10
8
12
15
11
16
49
88
131
141
148
146
142
140
138
135
127
129
127
123
122
122
119
114
109
106
102
96
88
80
74
70
61
61
57
49
44
41
36
29
168
166
165
168
175
181
184
183
183
186
189
190
189
188
189
190
192
190
189
188
188
186
182
179
184
182
182
184
184
179
168
159
165
169
163
151
153
157
138
110
69
43
18
8
7
21
59
99
118
111
105
101
95
82
67
57
33
25
15
8
2
0
0
5
7
17
30
37
36
30
23
20
15
7
9
18
13
6
25
56
126
138
147
147
143
140
137
134
126
131
134
132
129
126
119
113
103
103
100
95
87
78
69
64
57
57
53
45
40
37
32
25
161
163
168
173
176
178
178
178
192
183
166
152
156
172
185
188
186
186
192
196
187
174
172
181
179
180
180
176
171
170
175
180
176
165
160
154
142
132
112
84
45
33
20
13
19
42
80
110
111
100
89
82
71
56
43
37
24
16
10
8
6
3
2
5
6
8
13
21
27
28
24
19
15
9
6
8
12
17
26
35
91
149
152
144
151
140
135
137
130
128
127
127
127
123
115
109
104
100
94
89
84
77
68
61
61
55
51
50
45
35
27
25
156
159
164
169
172
172
171
170
180
163
139
127
140
164
180
184
196
197
198
194
184
175
175
181
169
171
172
169
166
167
173
179
185
175
170
161
142
124
97
66
47
42
44
57
79
104
132
152
129
111
90
74
59
44
33
29
20
13
9
9
7
3
1
2
4
6
11
18
24
25
22
19
8
7
8
12
14
15
21
29
85
147
157
150
150
136
134
137
131
128
127
127
127
124
117
111
109
103
95
87
80
73
65
60
56
51
48
47
42
33
25
22
152
155
159
164
166
167
167
166
179
160
138
131
146
169
180
180
187
193
194
185
175
169
167
165
162
163
165
164
165
169
177
184
192
185
182
173
151
128
98
66
70
74
90
116
138
145
144
142
134
112
84
63
47
33
24
22
21
17
15
18
18
14
13
14
9
10
12
14
16
15
11
8
3
5
11
15
14
13
19
28
84
145
161
156
150
133
133
135
133
129
125
123
122
119
113
108
108
102
92
83
76
70
64
61
49
45
43
43
39
30
22
20
152
153
155
158
162
166
170
172
184
178
171
169
172
177
177
175
170
182
186
178
169
166
160
151
161
163
165
168
172
179
188
194
197
193
194
187
167
148
123
95
73
78
96
124
147
158
161
162
151
129
102
82
65
49
36
30
19
13
9
10
10
7
6
8
11
12
12
13
13
12
10
8
12
12
14
13
10
10
22
35
98
148
162
160
152
136
137
134
134
129
122
118
115
111
105
100
101
97
90
83
76
70
65
63
45
40
39
40
37
28
21
19
151
150
149
151
157
166
175
181
183
191
198
196
184
173
170
172
172
182
185
176
171
172
170
163
164
166
170
175
182
190
199
204
206
202
204
197
179
165
149
127
101
97
98
108
125
147
174
195
178
160
139
125
110
91
72
61
55
44
33
25
18
10
7
8
6
7
8
10
11
13
15
16
17
15
13
12
13
23
44
64
124
156
162
163
158
148
148
137
132
127
119
115
112
109
104
100
100
98
94
88
79
71
64
61
43
38
36
37
34
27
21
20
149
148
147
149
156
167
178
185
184
192
201
197
182
170
171
180
186
186
182
175
171
175
179
180
168
171
176
183
191
199
205
208
212
208
208
199
180
169
159
142
137
133
128
125
127
138
161
183
171
156
142
137
134
123
110
101
110
95
76
59
43
28
20
19
10
11
10
8
6
6
9
11
10
11
17
28
43
64
92
114
141
158
158
164
162
157
159
141
130
125
119
116
114
112
107
103
103
102
98
89
78
66
58
54
44
38
33
33
31
25
21
21
151
150
151
154
161
171
180
186
190
188
189
189
184
178
180
187
190
185
181
179
175
171
172
177
173
176
182
190
199
205
208
210
207
204
205
196
177
169
164
150
135
135
137
138
137
142
156
172
152
135
120
120
126
129
129
128
120
106
87
70
53
36
25
23
28
27
25
21
17
16
19
22
32
37
50
70
88
105
123
138
137
149
150
159
159
157
161
139
131
126
120
117
114
110
104
99
99
97
91
80
67
56
49
47
44
37
31
29
26
21
19
21
154
155
157
162
168
176
183
187
192
182
176
183
189
187
184
183
188
183
184
189
184
170
163
165
177
180
187
196
204
210
211
211
196
195
199
193
177
172
169
158
150
141
130
123
120
126
144
161
160
137
115
109
116
125
131
136
116
105
91
79
66
52
42
40
39
41
42
41
42
46
53
59
79
84
97
113
121
121
121
122
125
136
141
154
152
150
157
135
135
129
122
116
111
104
96
89
90
87
80
68
56
46
43
43
45
36
29
26
23
19
18
20
152
159
162
167
170
164
170
192
194
181
175
182
187
186
191
200
196
184
181
188
185
173
169
176
190
190
196
196
193
203
211
203
195
192
186
178
170
162
154
146
126
126
128
128
123
120
131
145
142
120
113
109
100
117
135
127
121
115
105
92
75
58
47
42
42
48
53
55
54
59
70
79
91
98
106
110
113
116
116
115
119
127
138
144
144
143
143
145
130
126
119
114
108
100
90
82
87
80
70
62
57
51
45
40
38
33
25
20
18
17
16
16
150
159
162
165
170
165
164
176
172
167
171
184
191
188
189
195
201
189
183
186
188
187
190
197
209
199
197
197
196
201
195
175
180
175
167
164
163
160
151
142
125
124
126
128
128
128
137
149
143
121
111
107
102
118
135
130
121
113
102
90
77
63
52
46
49
51
52
51
50
53
60
67
80
89
100
109
113
114
113
111
113
117
124
132
137
139
137
136
133
128
121
115
110
104
98
94
88
81
73
68
65
60
52
45
35
29
21
18
18
17
15
12
142
155
159
162
174
176
169
169
177
171
169
174
177
177
185
197
200
192
185
185
194
204
212
215
206
204
206
195
175
171
175
170
163
152
142
141
144
142
132
122
129
125
122
122
123
125
130
136
134
112
99
96
96
112
128
127
130
123
110
96
82
69
58
51
56
54
50
47
47
49
54
57
63
73
87
99
104
104
102
100
101
100
104
113
124
131
132
130
136
130
122
115
109
105
101
99
88
80
73
70
70
67
58
49
35
27
20
19
22
22
16
10
145
158
159
160
176
182
173
166
170
166
165
167
167
169
179
191
189
189
188
191
202
214
215
210
190
187
186
171
149
148
164
171
150
139
131
132
135
133
126
121
148
140
130
126
127
129
131
131
127
109
95
93
100
113
127
133
138
137
127
107
86
70
59
53
59
54
48
45
48
52
55
56
56
63
76
89
94
92
91
92
87
85
86
93
104
116
124
128
131
128
121
114
107
101
96
93
88
79
70
67
68
66
57
49
38
30
23
24
29
29
21
13
155
165
160
157
169
176
168
162
141
149
161
172
175
173
173
176
177
185
194
201
209
210
200
187
173
153
143
143
143
152
158
151
144
137
133
136
138
135
135
138
141
133
123
121
127
134
136
134
125
114
101
101
112
121
132
145
142
148
143
119
91
73
65
62
62
55
48
47
50
53
54
53
59
62
70
81
84
81
82
87
78
77
76
75
80
90
104
114
116
117
116
113
107
99
92
88
90
80
69
64
63
61
55
49
40
32
26
27
32
32
24
15
149
157
153
150
160
165
165
169
157
161
167
171
173
172
172
172
173
182
195
204
204
191
173
161
143
133
137
144
142
144
147
142
145
135
130
130
128
122
122
127
130
128
126
129
141
153
155
150
115
112
102
103
114
116
122
142
148
156
151
126
99
87
83
81
68
62
56
52
52
52
51
49
57
55
60
69
70
66
69
76
74
73
70
64
62
67
78
88
95
100
106
109
105
99
92
88
89
82
73
67
63
59
54
50
39
32
27
27
30
29
22
14
146
152
150
149
154
152
156
172
187
181
173
166
164
167
169
170
174
177
186
194
185
162
146
141
128
133
151
157
142
134
144
151
147
132
123
124
123
116
113
117
144
148
152
156
165
170
165
155
114
118
111
111
119
113
115
139
151
153
140
114
95
92
92
88
75
72
67
63
60
57
54
52
54
50
54
63
64
58
60
69
72
70
66
62
60
61
64
66
78
85
94
99
97
92
87
85
81
79
76
71
64
57
51
48
38
33
28
26
26
24
19
15
160
162
158
155
150
137
139
159
178
175
170
167
167
167
163
157
176
172
176
180
166
140
127
131
143
137
147
155
149
146
152
153
149
131
121
129
137
135
133
136
141
147
152
152
152
148
132
116
129
138
133
132
137
125
124
150
145
140
119
92
80
83
83
78
79
78
76
72
68
64
62
61
57
54
58
68
69
62
63
71
70
67
64
65
67
67
62
58
70
78
86
90
88
83
79
77
71
75
77
73
65
55
48
45
39
36
31
27
25
23
19
17
143
154
165
163
143
129
137
155
172
181
182
176
174
177
170
157
175
165
155
151
145
136
130
127
155
142
145
166
171
153
143
147
157
150
141
136
138
146
154
159
167
156
144
136
133
129
120
113
110
119
130
135
133
126
119
116
106
102
94
84
77
74
76
79
81
84
86
82
75
68
65
66
55
57
59
62
65
67
69
69
73
73
72
71
69
65
60
56
64
80
85
76
75
84
83
73
72
71
70
67
63
56
48
42
34
30
26
25
27
26
20
14
141
146
147
143
145
151
152
147
153
166
171
161
156
164
175
179
163
153
144
140
137
135
138
142
166
150
140
144
147
148
161
179
165
161
156
156
160
165
168
169
163
150
134
124
122
122
120
117
106
108
110
108
102
95
89
86
90
88
84
79
74
72
74
76
81
80
79
78
76
73
70
67
62
60
59
58
60
63
66
68
76
74
72
72
71
67
61
56
54
65
70
66
67
75
78
74
69
69
70
69
65
58
51
45
32
28
24
23
25
25
21
16
134
140
135
127
138
160
164
151
155
163
165
156
153
162
173
177
155
148
141
136
131
127
130
136
148
144
142
141
142
149
164
179
173
169
165
164
164
159
149
141
129
118
106
100
100
102
102
101
101
97
92
87
85
83
81
79
76
77
76
74
71
70
71
73
66
63
61
65
70
73
72
68
64
61
57
54
55
60
67
71
76
72
69
70
71
68
60
52
53
55
59
62
63
66
69
72
68
70
71
71
66
57
49
43
32
28
23
22
22
22
18
15
130
138
135
123
124
142
159
164
163
162
159
159
167
173
167
156
150
149
150
149
141
132
129
132
143
151
157
158
158
163
167
168
164
160
155
151
144
130
111
96
95
91
88
88
91
91
88
84
86
80
72
68
69
71
71
70
59
60
60
58
56
56
58
60
57
55
54
55
59
62
62
61
60
57
54
53
56
62
69
74
72
68
65
67
69
66
57
49
55
51
53
60
60
54
55
61
69
71
73
71
63
51
41
35
33
29
24
21
19
18
15
12
139
137
131
123
116
122
144
166
157
156
156
160
168
172
164
153
145
148
153
158
155
149
148
151
153
155
152
146
146
152
155
152
144
140
134
129
120
104
85
71
78
76
74
75
77
76
72
69
71
66
60
57
57
56
54
51
51
51
50
48
47
50
54
58
51
52
53
50
47
46
48
51
54
53
52
52
55
60
65
68
68
66
65
67
69
66
57
50
52
45
46
55
54
45
42
47
65
69
71
67
58
45
35
30
27
25
22
20
19
18
16
15
146
133
122
119
117
120
135
152
157
162
166
163
157
156
161
166
149
147
148
151
151
148
150
154
156
155
149
142
138
137
134
130
126
121
111
100
87
73
61
53
51
47
41
38
38
39
40
40
41
40
40
41
41
41
38
36
36
35
34
32
31
34
40
44
27
32
37
38
37
38
43
48
47
46
46
46
48
50
52
53
65
67
69
71
71
67
61
57
53
47
47
53
55
49
46
49
60
64
66
63
53
41
33
30
20
20
21
21
21
21
20
19
132
129
124
118
118
125
134
140
153
158
163
160
153
151
160
171
153
148
146
147
145
139
136
136
151
151
151
147
136
124
117
117
103
96
83
67
52
44
43
45
42
40
37
36
38
40
43
44
34
37
41
43
42
41
40
39
34
34
32
29
25
24
25
26
19
23
27
31
34
37
39
40
35
34
34
34
35
37
40
42
61
66
71
73
71
67
63
62
60
55
51
52
54
55
56
57
60
63
65
60
49
37
31
29
19
21
23
24
23
20
18
17
109
128
134
121
114
125
137
138
133
134
139
148
156
161
165
168
149
146
148
154
153
144
133
127
127
123
120
111
95
81
84
95
77
71
58
44
34
35
45
54
68
71
77
83
88
90
90
89
87
91
93
91
84
78
75
75
79
79
77
71
64
57
53
51
43
41
38
39
40
37
31
25
24
23
22
22
25
30
35
38
55
63
71
73
69
64
62
63
65
60
51
45
47
53
57
56
64
67
67
59
46
34
27
25
24
26
28
27
23
17
13
10
100
123
126
108
108
131
142
135
136
138
142
146
147
148
152
157
122
142
146
133
135
150
146
126
120
102
85
80
76
66
56
52
51
38
34
47
64
77
90
103
102
103
109
117
119
115
115
118
116
115
113
109
100
91
92
97
105
107
106
102
95
87
81
78
68
71
74
75
70
57
42
31
18
15
15
17
18
19
25
33
56
62
70
77
84
84
73
61
69
68
60
47
40
43
49
52
57
56
62
56
36
28
32
31
27
27
26
24
22
19
17
16
113
116
120
121
119
121
130
139
131
138
146
149
145
142
143
148
144
142
135
129
133
139
138
131
129
109
87
73
63
54
49
48
58
63
75
92
104
111
117
123
138
141
143
143
141
138
134
131
131
127
125
123
118
113
115
120
119
120
119
115
107
98
92
89
86
85
83
81
76
67
57
50
49
38
26
21
25
38
59
77
85
90
93
93
93
90
81
71
74
74
68
56
50
52
55
56
52
49
53
49
32
28
32
30
30
27
24
20
16
14
14
13
109
112
120
127
129
130
139
149
145
147
144
136
128
131
143
154
143
126
118
129
138
137
137
143
142
131
118
109
102
96
94
96
101
111
120
122
123
129
136
140
150
157
160
156
157
160
158
150
146
140
136
136
136
132
132
134
125
126
126
121
114
105
99
97
92
88
82
77
74
71
69
67
60
54
51
52
56
63
75
88
103
108
109
102
95
89
82
75
70
71
65
56
50
51
53
52
46
40
42
39
28
27
31
27
26
23
19
14
12
12
13
14
98
116
126
122
125
139
145
139
143
142
135
124
120
127
138
146
122
113
116
132
142
139
138
143
137
142
150
155
153
146
139
135
133
143
144
135
131
138
143
142
144
155
157
151
154
164
162
150
147
140
135
137
138
132
125
122
116
117
118
115
108
101
96
94
87
81
74
70
69
71
72
73
56
59
65
72
72
66
63
64
89
97
101
94
85
79
74
70
66
66
60
50
46
48
49
48
44
35
34
32
24
25
29
23
17
16
14
13
13
14
16
17
106
118
125
122
121
126
126
120
119
123
126
128
133
135
128
118
112
119
126
130
133
136
136
135
127
139
155
162
159
148
134
124
129
138
143
143
146
152
147
137
149
156
154
144
142
148
143
129
129
123
121
126
127
119
108
102
101
104
106
104
100
95
92
90
86
81
75
71
70
70
70
69
61
58
58
58
54
48
47
50
64
76
84
83
77
74
72
70
73
71
63
54
51
54
56
54
44
34
32
30
22
23
25
18
12
13
15
16
17
16
15
14
117
108
114
131
131
114
112
125
118
122
123
126
136
144
136
122
112
125
129
121
122
136
146
144
138
149
158
161
157
150
139
129
135
132
129
129
137
145
144
137
146
147
141
132
129
129
121
109
105
101
102
109
111
104
94
89
93
95
98
99
96
92
90
89
85
81
76
72
68
65
61
58
56
53
51
50
45
38
37
40
52
64
74
76
74
74
74
73
75
73
66
59
57
59
59
56
42
33
32
30
21
21
23
15
14
15
17
18
17
14
11
8
114
102
108
129
130
112
110
125
127
128
124
120
130
145
147
139
121
128
127
119
123
139
151
151
154
160
163
162
162
163
158
151
152
138
125
124
130
135
139
142
138
132
126
121
118
113
105
97
88
85
87
93
95
91
85
84
88
91
94
94
91
88
85
85
81
78
74
70
66
62
57
53
51
51
53
55
50
40
35
36
53
61
67
67
67
69
69
67
66
66
63
59
58
58
53
46
36
30
31
30
20
19
21
15
15
15
16
16
14
12
10
8
105
107
110
113
111
107
102
100
114
122
125
124
130
141
142
133
139
136
131
127
131
138
141
141
151
155
156
154
155
158
153
145
148
138
137
146
151
146
143
146
143
132
123
120
115
103
93
88
83
79
79
83
84
81
79
80
84
87
90
89
86
82
80
79
78
76
73
71
69
67
63
60
62
57
53
50
45
39
40
45
56
60
61
58
57
59
59
57
59
61
62
60
59
57
49
39
31
27
31
30
19
18
20
15
12
12
12
11
11
12
12
13
91
91
96
104
107
106
105
108
119
113
117
126
130
136
128
107
109
110
122
137
136
128
134
150
153
144
141
148
153
151
149
150
144
144
145
145
143
138
131
126
125
113
106
106
100
86
80
84
77
70
68
73
76
76
80
86
86
81
81
84
82
77
79
87
74
66
66
74
74
64
60
64
55
54
53
51
50
49
49
49
60
49
42
47
53
55
57
61
60
58
55
51
47
43
38
35
31
27
22
19
19
19
18
17
16
13
11
10
11
11
10
8
75
77
84
95
102
103
106
109
110
109
116
121
118
121
119
105
106
114
121
124
129
138
145
147
151
144
142
145
145
140
134
134
139
138
139
138
135
129
120
114
110
98
91
91
85
74
69
72
68
61
58
63
68
69
71
75
73
72
73
73
71
68
69
72
72
64
63
71
73
65
60
62
54
53
50
47
45
43
42
42
53
46
45
50
55
54
55
57
64
58
51
47
46
41
33
26
27
24
19
17
16
16
15
14
15
13
10
10
10
11
9
8
78
78
82
90
94
92
93
96
97
101
111
111
101
103
107
100
100
114
116
107
116
140
148
139
139
137
138
142
142
137
134
135
137
136
135
135
132
126
118
113
99
89
81
80
76
67
64
67
56
50
48
53
60
61
60
59
72
77
80
78
76
75
74
72
74
65
63
70
74
67
61
61
56
54
50
46
42
39
38
38
45
45
48
54
56
53
51
52
54
47
40
40
44
44
36
27
23
20
16
14
13
13
12
11
14
12
10
9
10
10
9
8
80
78
79
84
83
79
78
79
88
91
100
99
90
93
100
96
96
110
111
101
107
128
136
130
129
130
133
136
136
135
136
138
137
135
133
131
130
127
123
119
106
97
89
87
83
77
74
76
73
70
71
78
84
84
78
72
79
87
91
89
87
88
86
81
82
74
71
75
78
72
65
61
61
58
53
48
44
42
40
40
42
45
50
54
54
51
49
49
45
41
37
37
39
39
34
28
20
17
14
12
12
12
10
9
13
11
8
8
9
10
9
8
65
64
67
73
76
74
75
78
84
84
91
92
87
94
101
94
99
105
110
110
108
112
120
128
129
130
131
129
127
129
131
132
139
135
131
128
127
127
125
123
119
112
106
103
100
96
93
93
90
92
96
102
106
105
96
87
87
93
96
95
93
93
91
88
95
89
84
85
84
78
70
65
64
61
56
51
47
44
44
44
43
47
50
50
49
48
47
46
45
44
42
37
30
24
21
19
18
16
13
12
12
11
10
8
11
9
7
7
8
9
9
7
61
60
63
70
73
73
75
79
81
79
84
87
85
94
100
91
101
99
106
114
110
102
110
127
124
127
128
127
130
135
137
135
142
140
137
135
134
133
131
129
128
124
121
119
118
117
114
113
108
113
117
118
119
117
111
103
107
105
106
106
103
97
96
99
104
101
98
94
90
82
75
71
67
64
58
51
47
45
44
44
43
46
47
44
43
44
42
38
34
37
37
32
24
18
17
19
16
14
12
12
12
11
9
7
10
8
6
6
8
9
8
7
61
59
61
66
68
67
69
73
71
70
77
79
75
83
89
81
89
85
90
100
100
96
104
118
113
118
121
124
131
138
136
130
134
136
139
143
146
145
141
138
134
134
134
135
138
139
137
134
136
142
142
136
133
134
133
130
126
114
109
112
105
92
92
103
105
107
106
100
92
84
79
76
73
69
61
54
48
45
44
44
41
43
42
39
40
41
35
26
22
24
25
24
21
19
18
19
14
12
11
11
11
10
8
6
9
7
5
6
7
8
8
7
46
45
48
54
59
60
62
67
60
62
70
71
64
69
76
71
73
70
71
79
86
91
99
107
107
112
115
117
123
126
117
104
117
122
132
143
150
150
145
140
139
141
144
148
152
155
154
151
137
142
139
128
121
125
130
131
126
108
99
103
94
75
75
90
103
108
109
102
91
85
81
80
80
74
66
57
50
46
44
44
38
40
39
36
38
39
29
16
25
23
20
18
18
16
11
8
12
11
9
9
10
9
7
4
9
7
5
5
7
8
8
7
46
43
42
48
59
64
57
46
50
56
52
52
61
63
62
70
66
52
70
91
83
83
101
108
107
104
108
116
117
106
95
90
99
115
136
149
156
159
160
160
153
157
163
167
167
161
146
134
119
125
130
128
121
116
119
123
117
109
100
92
83
79
83
91
103
107
98
91
95
92
85
87
80
70
59
54
55
56
53
49
39
39
36
32
32
33
28
21
16
17
17
16
12
9
8
9
11
11
10
9
8
6
6
5
6
6
6
6
6
6
6
6
44
41
38
42
51
56
53
48
51
56
53
52
62
66
67
76
71
57
70
85
77
76
93
102
103
99
100
106
107
98
90
86
91
108
127
140
148
154
157
157
164
161
158
157
158
157
150
143
138
136
133
130
126
123
120
118
120
113
105
98
91
86
89
96
103
105
96
88
90
84
75
77
75
67
58
52
51
51
49
47
40
39
35
29
28
29
25
19
16
17
17
15
12
9
8
8
9
9
8
8
7
6
6
5
6
6
6
6
6
6
6
6
40
37
35
36
40
45
48
50
55
58
52
49
58
62
65
75
75
61
66
73
65
64
79
91
102
97
96
101
104
102
99
98
101
116
133
143
151
159
162
162
168
161
155
153
155
155
151
146
152
142
131
127
129
128
122
115
122
117
111
106
100
95
97
102
102
103
92
83
83
73
62
64
68
64
57
50
46
44
44
45
40
39
33
25
23
24
22
17
16
17
17
15
12
8
7
8
6
6
6
6
6
6
6
6
6
6
6
6
6
6
6
6
34
33
34
36
36
37
43
50
58
59
49
43
50
53
56
66
74
63
60
60
54
53
67
83
100
96
94
98
105
111
114
115
120
133
145
151
157
167
170
167
163
157
155
160
163
157
147
140
150
138
125
121
125
127
124
118
122
117
113
111
107
101
101
104
100
99
88
80
78
66
53
56
63
61
57
50
43
40
41
44
37
36
30
21
19
21
21
18
16
17
17
15
11
8
7
7
4
4
4
5
5
6
6
6
6
6
6
6
6
6
6
6