112
92
187
199
209
211
213
219
223
222
223
225
225
223
227
236
242
243
243
249
246
233
230
242
251
251
248
252
255
255
249
239
231
225
217
211
198
184
175
172
169
166
156
148
142
141
141
137
131
127
128
134
136
133
133
138
144
146
147
151
148
138
130
131
136
138
153
150
143
137
137
137
131
122
111
105
97
90
85
82
79
77
78
77
74
70
66
61
57
54
47
46
42
38
32
26
22
19
18
18
17
16
16
16
17
17
15
15
15
14
14
13
13
13
177
192
204
203
199
205
217
225
218
222
225
225
230
238
242
242
237
244
243
235
236
246
251
248
229
236
245
249
248
243
240
238
220
199
178
174
181
184
176
167
161
154
145
139
136
136
138
140
132
132
129
126
129
135
138
136
143
145
143
135
132
137
144
147
148
145
139
134
133
134
129
121
110
102
93
86
84
81
77
73
75
73
71
67
63
58
55
52
48
46
43
38
32
26
22
19
19
18
17
16
16
16
17
17
15
15
15
14
14
14
13
13
189
197
201
197
196
202
212
219
223
228
231
233
237
243
245
243
241
246
246
243
245
252
252
245
239
245
252
252
246
240
237
238
228
202
179
175
179
174
165
160
160
155
147
138
132
131
135
138
135
130
122
119
126
134
135
130
137
138
135
131
132
140
146
147
139
137
132
126
125
126
122
115
108
98
87
81
81
80
74
68
71
70
67
64
60
56
53
51
48
47
43
38
33
27
22
19
19
19
18
17
16
16
17
17
15
15
15
15
14
14
14
13
200
196
193
195
204
213
217
217
230
234
236
235
238
243
245
244
250
252
250
248
250
253
249
241
251
254
253
244
232
223
221
223
223
211
199
190
173
155
153
162
158
156
151
142
136
134
131
127
134
130
122
118
124
132
133
129
131
132
130
128
131
136
137
134
130
129
124
117
116
117
114
108
105
94
81
77
79
78
71
64
69
68
66
64
60
56
53
51
48
46
43
38
33
27
22
20
20
20
18
17
17
16
17
17
16
16
15
15
15
14
14
14
187
188
191
199
208
217
224
229
232
235
234
232
235
243
247
247
255
254
251
249
250
252
249
243
240
239
234
224
214
209
211
215
209
208
207
199
178
159
159
171
160
158
150
141
139
140
136
129
130
130
125
119
118
122
123
120
119
123
127
128
131
133
129
122
125
124
119
112
110
111
109
105
102
91
78
74
76
76
69
62
69
68
67
64
60
57
53
52
45
44
41
37
32
27
23
21
21
21
19
18
17
17
17
17
16
16
16
15
15
15
14
14
184
195
207
212
208
208
222
238
236
238
237
235
239
248
254
255
255
253
251
250
251
252
251
250
236
233
226
218
211
209
211
213
205
203
199
191
180
169
161
158
152
150
139
126
123
130
135
132
124
125
122
116
112
111
107
101
102
112
121
126
128
128
123
117
117
118
114
107
105
108
108
106
99
89
79
74
75
74
68
63
68
67
65
62
58
54
51
49
41
40
38
35
31
27
24
22
22
21
20
18
17
17
16
17
17
16
16
16
15
15
15
15
191
195
204
210
210
211
223
237
239
242
242
239
241
248
251
250
242
242
243
243
240
237
237
238
232
227
220
214
209
205
200
196
195
195
186
172
164
161
150
136
135
141
135
116
104
110
119
122
115
115
113
111
111
110
100
88
88
100
112
117
117
117
114
110
103
105
103
99
98
103
106
106
97
90
81
75
73
72
68
65
65
64
61
58
53
49
45
43
37
36
35
33
30
27
24
23
23
22
20
19
17
17
16
16
17
17
16
16
16
15
15
15
185
175
175
192
213
225
231
234
237
240
240
236
235
237
236
232
223
225
227
227
221
214
211
213
210
205
200
197
195
190
181
173
171
181
176
155
143
145
142
130
125
140
142
121
100
98
106
110
107
105
104
107
115
116
102
85
81
94
105
107
106
105
104
102
90
93
93
90
91
98
103
104
96
90
83
77
73
71
69
67
62
60
58
54
49
44
40
38
34
34
33
32
29
27
25
23
23
22
21
19
18
17
16
16
17
17
17
16
16
15
15
15
140
146
163
187
206
215
218
220
220
226
230
228
226
223
212
199
199
196
201
201
190
190
195
192
176
185
190
183
175
169
161
152
165
163
159
153
145
138
132
128
131
126
119
114
111
106
99
94
96
101
101
96
98
106
105
97
94
91
88
90
96
99
98
95
84
80
76
76
79
84
89
91
93
88
83
77
73
68
63
60
51
49
46
42
39
36
34
33
30
29
28
27
25
23
22
22
16
16
16
16
16
16
16
16
18
19
20
20
20
18
16
15
114
128
154
183
201
209
213
218
204
207
205
198
194
190
181
171
166
157
157
159
158
167
177
175
166
171
171
164
159
159
158
156
154
151
146
140
134
129
126
125
122
118
114
111
110
108
104
100
94
96
97
95
96
97
93
88
90
86
83
85
90
93
91
88
83
79
74
72
73
77
79
81
85
82
78
74
69
61
53
47
42
40
36
32
28
24
22
21
21
21
20
19
18
17
16
15
11
11
11
11
11
11
11
11
14
15
17
18
19
19
18
18
110
131
165
196
210
209
205
206
177
174
165
154
146
141
134
127
132
118
115
118
120
129
136
129
124
124
120
114
114
121
129
132
129
126
121
116
113
112
112
113
110
108
105
104
104
104
103
101
95
93
93
97
97
92
87
86
84
80
78
78
81
83
81
79
78
73
67
63
63
64
65
65
67
67
66
64
60
52
42
34
37
35
31
27
22
19
17
15
14
13
13
13
12
12
11
11
8
8
8
8
8
8
8
8
10
11
13
16
18
19
19
20
148
161
184
201
200
182
162
151
126
121
112
103
95
90
83
79
87
77
78
81
79
81
80
69
68
67
64
62
66
75
84
90
96
95
92
90
90
91
92
93
98
96
95
94
95
95
96
96
96
88
87
94
94
85
82
85
78
75
72
71
72
72
70
68
67
62
56
52
51
51
51
50
46
47
48
48
46
41
33
28
31
29
26
23
20
18
16
16
12
12
12
12
12
12
12
12
11
11
11
11
11
11
11
11
9
10
12
14
16
17
18
19
177
170
164
159
145
120
94
79
75
73
71
71
69
66
62
60
55
48
50
51
44
43
42
33
39
38
38
42
47
53
58
61
67
68
70
72
73
74
75
75
84
84
85
85
87
90
94
97
96
87
83
86
84
74
71
75
73
70
67
64
62
61
59
57
51
47
42
39
38
38
38
37
33
32
31
31
30
28
25
21
19
18
16
15
14
13
13
13
12
13
13
13
13
14
14
14
13
13
13
13
13
13
13
13
11
12
12
13
14
15
16
16
158
138
116
103
93
82
71
65
75
75
80
89
95
94
92
92
83
72
66
59
45
41
42
35
38
36
37
43
47
47
47
48
51
53
56
59
62
63
64
64
69
71
74
78
82
88
96
101
102
95
90
87
83
75
69
67
64
62
59
55
51
47
45
44
36
33
28
26
26
27
27
26
26
23
20
18
17
17
15
13
12
12
11
11
11
11
12
13
12
12
12
12
13
13
13
13
13
13
13
13
13
13
13
13
14
13
13
12
13
13
14
15
128
112
97
91
91
93
96
100
111
110
117
129
135
133
132
133
129
112
101
91
77
71
66
53
48
42
39
43
44
41
39
41
43
44
45
48
51
54
56
58
58
61
65
69
74
81
90
97
100
102
99
94
90
85
77
68
55
53
49
44
38
34
31
31
26
23
19
17
17
17
17
16
17
15
12
11
11
12
10
9
13
12
12
11
11
12
13
13
13
13
13
12
12
12
12
12
12
12
12
12
12
12
12
12
14
13
13
12
13
14
15
16
121
115
111
112
114
114
118
123
134
132
136
146
149
145
141
143
135
119
112
110
103
97
85
65
58
47
39
40
39
35
34
37
39
38
38
39
42
47
51
54
53
56
59
62
65
72
81
88
88
97
100
95
93
92
82
68
47
46
42
36
29
24
22
21
21
18
14
12
12
12
11
10
8
7
7
8
11
12
11
10
12
11
10
9
9
9
9
9
15
14
14
14
13
13
12
12
12
12
12
12
12
12
12
12
13
13
12
12
13
15
17
18
140
137
138
143
145
143
141
143
140
142
143
142
139
134
131
130
122
119
111
105
102
97
86
74
65
56
47
41
33
25
27
34
20
31
36
33
35
42
43
38
47
53
52
55
70
80
88
100
103
106
107
104
100
90
71
55
48
39
31
27
24
18
16
17
14
14
13
12
11
9
9
8
8
8
8
8
9
8
5
3
7
9
9
7
7
11
15
17
10
10
11
11
10
9
8
7
15
14
13
13
12
13
13
13
14
14
14
15
15
16
16
16
171
162
155
152
149
142
137
136
138
139
138
134
128
124
121
121
117
116
109
98
88
78
65
54
48
39
32
29
25
21
23
28
28
30
30
26
27
34
40
42
41
53
58
65
80
89
97
110
125
131
135
133
125
108
84
64
43
34
26
23
20
15
13
13
13
13
12
11
10
9
8
7
6
6
7
8
9
9
8
7
9
10
9
7
5
5
6
6
9
8
8
8
9
11
12
13
13
12
12
11
11
12
13
13
14
14
14
15
15
15
16
16
157
147
139
140
142
140
138
138
117
115
112
108
104
100
97
95
72
86
99
101
96
85
72
61
54
44
34
29
25
20
17
17
18
19
24
30
32
31
32
37
45
63
76
87
102
110
118
134
151
160
167
164
149
124
92
68
40
31
23
20
19
14
11
11
12
12
11
10
8
7
6
6
8
7
7
5
4
2
1
1
4
6
10
15
17
17
16
16
17
14
11
8
7
7
9
11
10
10
9
10
10
11
12
13
14
14
14
14
15
15
15
16
152
141
131
129
128
122
115
112
112
100
84
77
79
84
87
87
134
144
150
141
124
106
90
80
61
52
41
36
34
30
24
19
20
18
25
37
40
37
40
49
65
87
102
113
126
134
145
163
175
186
193
186
165
133
97
72
43
32
22
20
20
16
13
12
11
11
10
9
7
6
5
5
7
7
6
5
3
3
4
5
15
18
27
39
45
44
41
40
34
30
24
18
12
8
6
5
7
7
7
8
9
10
12
13
13
13
14
14
14
15
15
15
146
138
132
131
127
117
106
100
80
69
61
69
91
113
123
125
126
122
107
81
58
44
38
34
35
31
27
28
33
37
34
30
38
32
31
39
45
48
61
76
95
115
128
135
144
150
162
182
195
206
211
200
174
139
104
80
49
35
23
19
19
16
13
12
11
10
9
8
7
6
5
5
1
3
5
6
7
11
17
21
27
27
35
47
51
46
40
38
36
34
31
26
20
15
10
8
7
7
7
7
8
10
11
12
13
13
13
14
14
14
15
15
132
129
128
128
122
108
96
91
51
57
71
92
110
113
102
89
51
48
38
25
17
15
13
8
6
8
11
14
21
29
29
25
29
30
35
45
54
62
73
83
130
146
153
155
159
161
170
187
202
214
220
206
177
141
108
86
57
40
24
17
16
14
11
10
11
11
10
9
7
6
5
5
3
4
5
4
2
5
11
17
14
7
8
16
20
15
11
12
16
17
17
17
16
14
12
10
7
7
7
7
8
9
10
11
12
13
13
13
14
14
14
14
145
142
138
129
111
87
70
64
79
84
90
90
80
63
44
32
53
44
29
17
12
10
0
0
5
11
16
17
22
28
29
25
15
20
27
35
51
74
94
104
168
181
183
179
179
175
177
190
205
219
227
213
183
147
114
94
68
48
28
18
16
14
12
12
12
11
10
9
8
7
6
5
4
6
5
2
0
1
8
15
26
10
0
0
0
0
0
3
6
6
6
7
8
9
10
11
9
9
8
8
8
9
9
10
12
12
13
13
13
14
14
14
141
141
141
134
116
96
84
82
89
81
65
46
36
46
70
91
124
97
57
28
19
22
20
14
13
23
30
32
35
42
44
41
28
25
14
8
31
80
128
153
196
207
206
200
198
189
186
194
212
228
237
225
195
158
126
105
77
56
33
22
19
17
15
15
12
12
11
10
8
7
6
6
0
2
5
6
7
14
25
34
77
52
27
16
9
3
5
14
16
14
12
9
9
10
12
13
10
10
9
8
8
8
9
9
12
12
12
13
13
14
14
14
151
149
142
131
125
118
102
85
68
69
70
71
76
89
111
130
115
117
101
69
48
46
45
39
49
57
61
57
53
51
50
47
41
45
43
32
28
58
123
179
196
197
201
202
196
189
191
198
202
222
236
225
193
155
123
104
83
63
40
25
17
12
11
12
12
12
11
10
10
9
8
8
4
5
4
8
22
45
64
73
86
75
66
64
59
48
41
40
41
37
31
27
25
23
21
20
13
12
9
8
7
9
11
12
12
11
11
11
11
12
13
14
172
172
164
149
134
120
105
91
91
92
93
96
103
118
137
152
101
118
124
109
87
75
69
65
63
67
66
59
54
52
49
44
41
51
62
63
58
64
91
118
141
165
195
211
209
199
191
188
197
210
216
202
175
148
128
116
86
66
42
27
19
13
12
14
12
12
11
11
10
9
8
8
8
9
10
19
40
66
83
89
86
76
69
67
63
53
45
43
44
39
32
26
22
19
16
14
13
12
11
9
9
9
10
11
12
12
11
11
12
12
13
14
188
191
189
178
164
154
144
137
153
148
140
132
128
129
131
133
94
103
113
111
98
80
64
56
60
60
57
51
49
51
50
45
48
52
59
67
73
86
109
129
155
184
210
215
209
204
198
193
197
204
202
184
158
135
119
109
90
69
44
28
19
14
14
16
13
13
12
11
10
10
9
9
7
6
8
20
44
70
83
84
84
77
71
69
65
57
48
44
42
37
30
24
21
18
15
13
14
14
14
13
13
12
12
12
12
12
11
11
12
13
14
14
204
207
209
207
204
200
196
193
173
171
166
160
156
154
148
141
130
113
98
97
96
83
63
48
47
46
43
41
47
57
60
57
73
66
62
68
85
115
152
181
200
218
224
212
201
201
198
189
186
192
190
175
153
131
111
97
90
69
44
27
19
14
14
16
14
13
13
12
11
10
10
10
7
4
3
14
37
60
68
65
75
70
65
62
58
50
40
34
32
28
23
19
18
18
16
15
14
15
15
16
16
16
15
15
13
12
12
12
12
13
14
15
224
221
220
223
225
222
216
211
187
189
188
184
182
179
167
154
152
125
99
91
93
87
75
65
64
63
59
57
65
77
82
82
100
97
97
105
118
140
168
190
197
210
214
205
200
200
188
171
163
168
169
162
150
136
118
104
85
64
40
25
17
13
13
15
14
14
14
13
12
11
11
10
10
8
7
15
35
58
69
69
67
64
59
54
50
45
35
27
27
23
19
16
15
15
15
14
12
13
14
15
16
16
16
15
13
13
12
12
13
13
14
15
229
222
219
224
228
225
218
214
215
218
214
204
196
188
172
155
149
140
127
116
109
106
104
103
112
110
103
96
97
104
108
108
111
115
126
141
155
168
185
199
196
200
200
197
197
197
186
172
159
159
154
146
140
132
120
107
76
57
35
23
17
13
13
15
15
15
14
14
13
12
11
11
7
8
9
14
31
57
77
86
77
75
70
65
62
60
53
44
38
33
27
22
20
18
16
14
14
14
14
14
14
14
14
14
13
13
13
13
13
14
15
15
226
221
222
228
231
227
224
225
218
224
224
215
212
214
207
196
185
190
186
173
163
160
155
148
149
147
139
127
120
121
124
124
119
124
138
160
180
194
205
214
208
205
199
195
193
189
184
180
169
164
155
144
137
129
113
98
68
51
32
22
17
14
14
15
16
16
15
14
13
13
12
12
6
10
10
8
18
43
72
91
90
90
86
80
80
83
78
70
59
54
47
40
36
32
29
26
25
23
21
18
16
15
14
14
14
13
13
13
13
14
15
16
233
231
234
238
236
230
230
235
233
240
239
229
228
235
235
228
226
228
219
204
199
197
181
158
157
157
149
135
126
125
128
129
134
139
155
180
200
205
203
200
197
196
199
202
195
182
173
171
169
166
159
151
144
133
113
94
64
47
30
22
19
16
15
16
16
16
15
14
14
13
12
12
12
16
13
5
6
29
62
85
92
92
89
84
86
92
90
82
77
71
64
57
52
48
45
42
37
34
29
24
20
18
17
17
14
13
13
13
13
14
15
16
236
239
243
243
240
237
237
238
246
242
239
241
246
249
247
244
237
224
211
204
196
184
174
169
154
150
144
137
132
131
134
137
140
161
186
198
198
196
201
208
206
198
195
197
191
176
167
168
164
166
156
138
130
127
112
91
67
48
28
19
17
16
16
17
16
16
16
15
15
14
14
14
10
9
12
15
12
16
42
71
89
88
87
87
87
86
84
82
78
68
62
65
67
63
60
60
46
43
41
38
36
33
29
26
25
24
21
18
15
14
15
17
232
235
238
239
239
240
243
246
247
245
244
246
249
248
243
237
240
227
213
203
193
180
169
164
159
154
147
143
144
151
158
163
174
186
201
210
210
205
202
200
197
195
193
188
178
168
165
167
174
171
158
142
131
122
105
87
69
52
33
23
19
16
15
17
16
16
16
15
15
14
14
14
13
12
14
16
11
9
25
46
73
88
95
88
84
89
90
83
78
72
69
72
72
67
62
62
55
53
50
49
47
44
40
37
39
39
37
33
28
22
18
17
234
235
236
237
238
240
244
248
244
244
245
248
248
243
233
226
225
214
202
195
188
178
170
168
158
152
146
147
156
169
179
184
188
192
201
211
216
215
208
202
191
195
191
179
167
164
167
169
170
161
150
140
131
119
105
94
72
58
41
30
22
16
15
17
16
16
16
15
15
14
14
14
15
13
15
17
12
6
11
23
48
78
95
87
83
93
93
82
80
78
78
79
77
71
67
66
64
63
60
59
58
55
52
49
51
51
50
47
41
33
25
20
241
241
241
240
238
237
237
237
240
240
241
242
240
233
223
216
206
197
188
184
179
171
167
167
157
153
152
159
171
183
188
189
184
186
191
199
206
208
205
200
193
196
189
173
165
170
174
173
165
153
141
135
127
114
101
95
76
64
49
37
26
16
14
17
16
16
16
15
15
14
14
14
14
12
13
17
16
11
12
16
26
54
79
86
89
95
92
83
84
84
84
82
78
73
71
72
68
66
64
63
63
61
57
54
52
51
50
48
44
38
31
27
244
244
244
244
241
236
231
227
238
237
236
233
230
223
216
211
202
192
183
177
171
163
160
161
166
166
170
180
190
194
191
187
190
191
194
195
195
194
192
191
194
193
183
171
171
179
181
174
174
160
145
136
125
109
96
89
81
69
55
42
29
18
15
17
16
16
16
15
15
14
14
14
14
11
10
13
15
15
15
17
16
29
55
82
97
96
90
87
89
88
85
80
75
74
75
76
69
68
66
65
64
62
59
56
53
50
45
42
40
37
33
30
240
241
242
244
244
240
233
228
238
237
233
228
222
215
210
206
193
186
179
176
171
166
167
170
176
178
183
190
194
192
185
178
192
197
202
202
198
193
190
190
188
183
175
172
176
182
181
175
177
167
152
139
129
119
107
98
87
73
56
43
32
21
16
17
16
16
16
15
15
14
14
14
14
12
10
10
11
12
13
13
15
15
34
69
92
93
90
92
93
91
85
77
75
77
78
76
71
69
67
66
65
62
59
56
56
50
42
37
35
33
29
26
236
236
238
241
244
243
239
235
237
235
232
225
216
207
200
196
185
180
176
175
173
172
176
182
183
184
186
187
185
181
177
173
186
193
202
207
205
197
189
183
178
173
172
177
181
180
178
178
177
172
158
141
133
131
121
108
92
75
55
42
33
24
18
17
16
16
16
15
15
14
14
14
13
13
12
10
10
11
12
11
13
12
22
45
69
84
90
91
94
93
86
79
78
81
79
73
72
70
67
65
64
61
57
54
52
45
37
32
30
28
24
20
236
235
235
238
242
244
242
239
233
233
230
222
211
200
190
185
189
183
178
176
172
169
172
177
190
189
187
183
178
176
176
177
184
191
200
207
206
193
177
164
172
168
173
183
184
177
176
182
186
183
166
143
133
132
121
103
95
76
54
41
34
26
19
16
16
16
16
15
15
14
14
14
12
14
15
13
12
13
14
13
9
13
16
24
46
74
88
87
94
93
87
81
82
85
80
70
71
68
65
63
61
58
54
51
45
38
31
28
28
26
21
16
228
221
216
222
233
238
233
225
218
218
216
213
207
201
195
191
188
182
175
171
167
164
167
174
175
179
177
170
170
177
182
181
192
185
187
196
191
174
164
167
184
181
180
183
185
189
200
211
218
185
160
149
140
131
117
98
85
74
57
40
27
20
18
19
17
17
18
18
17
15
13
12
13
13
13
12
12
11
11
11
13
12
11
14
26
48
74
91
83
85
90
92
85
75
74
79
73
72
69
65
59
52
47
44
40
36
31
27
25
23
20
18
222
216
212
216
225
230
227
222
224
218
208
198
191
187
185
186
184
178
173
171
171
171
178
185
180
182
179
173
172
177
180
179
183
180
183
188
181
167
165
173
199
193
189
188
193
207
231
252
216
184
160
147
134
125
113
97
86
73
53
34
24
20
19
20
17
17
18
18
17
15
13
12
13
13
13
12
12
11
11
11
11
13
14
14
19
35
59
77
81
84
87
86
82
78
76
74
72
71
68
63
57
51
45
42
36
33
28
24
22
20
18
16
208
208
210
216
222
224
221
217
225
219
209
199
191
187
187
187
190
183
176
174
172
171
175
181
177
178
175
171
170
174
176
175
179
179
182
183
175
167
173
185
197
190
184
181
185
199
223
244
200
173
153
141
125
115
107
94
81
64
42
25
18
17
18
18
16
16
17
18
17
15
13
12
12
12
12
12
11
11
11
11
10
14
17
13
11
20
39
56
78
86
90
86
85
88
84
75
71
69
66
61
55
48
42
39
32
28
24
20
19
18
16
14
191
198
209
219
224
222
217
212
212
212
212
210
206
201
196
193
192
185
180
178
176
171
169
171
166
165
163
163
164
167
168
167
173
173
174
175
175
177
184
191
185
177
171
170
171
173
180
188
174
154
142
133
116
105
98
87
66
49
29
16
14
16
16
14
15
16
17
17
17
15
13
12
11
11
11
11
11
11
11
11
11
14
15
11
8
12
24
34
63
81
91
86
85
90
87
76
70
69
65
60
53
46
40
36
28
25
21
18
17
16
15
14
185
191
201
210
215
217
216
214
201
204
207
209
208
204
199
195
186
182
180
183
182
176
171
170
161
157
155
156
158
157
155
154
159
158
159
166
179
191
192
188
178
167
159
161
164
164
161
159
152
137
131
124
106
91
82
71
47
35
21
14
15
17
15
12
14
15
16
17
16
15
13
12
11
11
11
11
11
11
11
11
13
12
10
9
10
13
17
19
38
62
80
79
78
82
81
72
70
68
64
59
51
44
37
33
26
23
19
17
17
17
16
15
189
189
190
194
200
207
214
218
208
207
205
203
200
199
198
198
191
186
184
186
184
175
166
162
164
158
153
154
152
147
141
138
146
147
150
163
187
202
192
174
158
141
126
125
135
145
155
161
138
124
118
110
90
73
61
48
34
26
18
15
16
17
15
12
13
14
15
16
16
15
14
13
10
10
10
10
11
11
11
11
14
11
8
9
12
14
14
12
22
43
62
69
72
77
77
73
68
66
62
56
48
40
34
30
23
21
17
16
16
17
16
16
194
191
188
190
197
204
210
212
215
212
205
199
195
194
194
195
194
186
181
180
177
168
159
155
164
156
150
151
148
139
130
127
136
141
148
161
183
192
171
141
109
89
66
57
65
85
113
135
123
106
97
89
68
52
41
28
24
20
14
11
10
10
9
8
12
13
15
16
16
15
14
13
9
9
9
10
10
11
11
11
12
12
11
11
11
11
11
12
17
25
38
54
67
74
76
75
65
63
59
52
44
36
29
25
21
18
15
14
15
16
16
15
193
192
193
199
205
208
206
203
210
208
203
198
193
189
187
186
183
175
169
170
171
167
162
160
159
150
145
147
145
135
126
123
126
135
143
153
168
170
140
103
64
44
18
1
1
23
60
91
109
90
79
69
51
38
29
17
19
15
10
5
2
1
2
3
12
13
14
16
16
15
14
13
9
9
9
10
10
11
11
11
10
13
15
13
9
7
9
13
13
10
16
37
58
69
71
71
62
60
56
49
41
33
25
21
19
16
13
13
14
15
15
14
185
190
196
200
201
201
201
202
216
200
176
160
164
179
185
183
178
171
170
172
166
153
148
152
142
145
145
137
127
121
123
128
129
136
139
141
149
146
111
70
37
21
13
13
11
23
72
127
127
86
57
49
35
24
22
20
13
10
7
4
4
3
1
0
4
6
9
13
15
15
15
14
8
8
8
9
9
10
10
10
11
11
11
11
11
11
11
11
13
13
14
19
28
44
61
73
62
58
52
44
36
29
24
21
15
14
14
13
13
14
14
15
176
181
187
191
192
191
190
189
199
177
146
128
136
159
174
177
178
177
174
167
156
147
147
152
140
137
131
122
116
118
128
137
143
146
145
142
144
133
92
49
41
35
17
7
32
86
127
141
142
112
83
57
33
25
24
17
20
17
13
10
8
6
3
0
4
6
9
11
13
13
12
12
8
8
9
9
9
10
10
10
11
11
11
11
11
11
11
11
12
11
11
13
19
30
43
52
56
54
49
43
36
28
22
18
15
14
14
13
13
14
14
15
175
179
184
187
188
187
186
186
193
172
143
128
135
155
169
172
162
169
169
157
143
136
136
137
131
127
120
114
115
123
136
146
154
156
154
149
147
133
94
54
35
35
29
41
93
152
164
143
134
117
93
58
29
25
27
17
19
17
13
11
10
8
6
4
4
5
7
9
10
10
9
9
8
9
9
9
10
10
10
10
11
11
11
11
11
11
11
11
12
11
10
9
10
15
23
28
45
45
44
41
35
28
20
16
15
14
14
13
13
14
14
15
177
179
182
184
185
186
190
192
199
190
177
167
164
166
165
163
145
157
160
150
139
136
130
123
122
120
119
120
126
136
146
153
162
168
170
166
161
152
126
100
59
44
50
92
143
168
165
155
133
115
94
68
40
31
27
17
13
11
8
7
8
9
9
8
5
6
7
8
8
8
7
6
9
9
9
10
10
10
11
11
11
11
11
11
11
11
11
11
12
12
12
10
9
10
13
16
31
33
36
36
33
27
20
15
15
14
14
13
13
14
14
15
174
175
174
175
177
183
191
197
199
201
202
196
183
168
158
154
151
157
155
146
144
145
140
129
121
121
122
127
136
148
160
167
181
191
195
186
176
168
158
148
121
95
91
121
147
153
166
187
161
130
108
95
70
47
34
25
20
16
11
8
8
8
9
8
6
6
7
7
7
7
7
6
9
9
10
10
10
11
11
11
11
11
11
11
11
11
11
11
9
11
12
11
10
10
12
14
18
21
26
29
29
25
20
17
15
14
14
13
13
14
14
15
175
175
174
174
177
185
195
202
197
199
201
196
181
165
157
158
166
160
150
142
142
145
143
138
126
126
128
132
143
159
178
190
207
214
214
201
184
175
170
168
161
150
142
141
142
149
170
193
172
133
109
105
90
71
60
54
47
39
28
18
13
10
9
8
8
8
8
8
8
8
9
9
10
10
10
10
11
11
11
12
11
11
11
11
11
11
11
11
6
8
10
11
10
10
12
14
11
14
18
21
22
21
18
17
15
14
14
13
13
14
14
15
179
179
180
180
183
189
198
203
198
192
188
185
178
168
165
167
169
161
153
148
143
136
132
132
125
131
140
148
159
176
195
209
216
219
216
204
191
182
178
175
165
164
159
151
146
150
161
172
152
117
93
85
81
84
89
85
77
65
48
31
20
14
11
10
9
9
9
9
10
11
11
12
10
10
10
11
11
11
12
12
11
11
11
11
11
11
11
11
8
10
12
11
10
10
11
13
11
12
13
14
15
15
15
14
15
14
14
13
13
14
14
15
178
179
182
184
186
190
195
199
198
186
177
178
178
173
169
170
167
162
162
163
151
131
121
123
121
134
152
167
178
191
206
218
210
210
208
202
197
192
187
182
167
152
143
144
143
140
148
162
136
109
82
63
62
85
103
99
93
79
58
39
25
18
14
13
10
10
10
10
11
12
13
14
10
10
10
11
11
12
12
12
11
11
11
11
11
11
11
11
13
14
15
13
11
10
11
12
13
12
11
11
10
11
11
12
15
14
14
13
13
14
14
15
173
182
187
191
189
178
180
200
197
183
172
172
176
177
181
185
169
165
167
171
157
133
123
128
150
147
162
184
197
210
219
215
217
212
204
195
188
181
171
163
143
145
147
144
135
129
131
136
125
96
77
71
67
77
97
108
91
82
69
55
41
27
18
14
15
13
10
10
11
12
12
11
13
12
10
9
9
9
10
11
14
12
10
9
10
12
15
17
12
12
12
12
12
12
12
12
11
11
11
11
11
11
11
11
14
14
14
14
14
14
14
14
180
186
183
182
183
177
176
188
179
175
176
182
185
180
174
173
176
169
164
159
148
137
140
151
169
165
177
198
212
223
218
199
205
196
185
179
179
175
165
155
135
137
140
140
137
135
137
140
123
93
72
62
55
68
96
113
94
83
67
54
42
31
21
16
18
15
12
10
11
11
10
9
12
12
12
13
14
15
16
17
14
14
13
12
11
11
11
10
12
12
12
12
12
12
12
12
12
12
12
12
12
12
12
12
14
14
14
14
14
14
14
14
171
178
176
176
188
190
182
180
176
173
173
176
177
176
177
180
176
172
164
155
150
153
163
172
174
187
205
207
196
198
201
193
184
170
156
153
157
155
145
135
139
137
134
131
131
130
128
126
113
84
64
54
47
61
92
112
104
93
77
61
48
37
28
21
24
20
16
14
13
13
12
10
9
10
11
12
12
13
12
12
13
14
14
15
14
12
10
9
12
12
12
12
12
12
12
12
13
13
13
13
13
13
13
13
14
14
14
14
14
14
14
14
165
175
175
178
197
202
186
173
167
167
167
169
169
171
176
180
171
171
169
166
170
177
179
175
179
193
205
191
168
169
183
183
165
152
140
140
146
146
141
137
163
156
144
135
133
132
125
117
106
79
62
58
56
70
97
113
114
109
95
74
54
40
31
25
28
25
21
19
18
18
17
16
14
14
15
15
14
12
10
8
11
11
12
13
13
14
13
13
12
12
12
12
12
12
12
12
14
14
14
14
14
14
14
14
14
14
14
14
14
14
14
14
176
183
176
174
189
194
178
166
151
160
170
176
177
174
169
165
171
172
173
177
186
191
183
171
181
175
173
166
161
170
174
163
157
147
141
143
147
148
149
151
154
147
135
127
129
134
128
118
108
79
63
62
66
84
109
122
125
126
115
88
59
42
34
30
28
25
22
20
21
21
20
19
24
24
25
25
25
23
21
19
13
12
10
8
8
9
11
12
12
12
12
12
12
12
12
12
14
14
14
14
14
14
14
14
14
14
14
14
14
14
14
14
179
180
169
162
171
176
173
175
171
175
178
178
178
179
175
170
177
175
175
179
184
182
174
166
152
150
159
163
157
159
164
159
160
148
140
140
138
131
129
134
136
135
131
130
139
149
145
133
107
79
64
65
68
86
112
126
137
140
127
95
65
50
45
41
28
25
22
21
21
21
21
20
24
25
26
28
29
30
30
30
21
18
14
9
7
6
7
8
12
12
12
12
12
12
12
12
14
14
14
14
14
14
14
14
14
14
14
14
14
14
14
14
171
173
166
161
164
161
166
182
196
192
182
171
170
175
176
172
175
174
177
181
173
159
154
158
138
144
166
175
157
145
156
167
162
145
134
135
134
125
119
120
150
154
155
155
160
165
154
136
100
84
82
85
81
90
112
126
137
133
113
81
58
52
50
45
33
30
26
24
24
24
22
21
19
20
20
22
24
26
28
29
30
28
24
20
16
14
12
11
12
12
12
12
12
12
12
12
13
13
13
13
13
13
13
13
14
14
14
14
14
14
14
14
170
176
176
173
166
150
151
170
189
188
181
173
170
169
159
147
168
171
181
185
166
141
136
148
163
154
165
180
170
157
160
167
159
141
132
141
150
147
141
141
151
158
159
152
148
141
119
95
97
96
109
117
106
102
116
127
124
114
87
56
41
43
43
37
41
37
33
30
28
27
25
23
21
20
19
19
20
22
24
25
35
34
34
32
29
25
22
21
12
12
12
12
12
12
12
12
13
13
13
13
13
13
13
13
14
14
14
14
14
14
14
14
159
167
181
183
163
142
150
172
179
182
187
181
171
173
168
149
175
170
166
161
153
143
139
140
163
168
157
170
200
182
148
150
163
161
157
149
143
146
157
167
174
159
139
122
111
103
95
90
82
90
100
104
102
96
91
89
75
66
57
50
43
37
36
40
35
41
46
43
35
30
30
34
24
23
22
21
22
23
25
26
34
33
30
28
28
28
29
30
22
20
19
19
18
16
12
9
15
11
8
10
14
18
18
17
13
13
13
13
13
13
13
13
159
161
164
164
165
165
165
164
169
176
184
175
162
172
186
184
168
160
153
149
146
145
150
158
175
182
161
148
160
159
165
195
175
171
167
164
165
167
168
169
151
136
116
102
95
94
93
93
82
84
84
81
74
66
60
57
60
53
45
41
36
32
33
38
34
38
41
39
34
30
30
31
22
21
20
20
20
21
23
24
31
31
32
33
32
31
29
28
23
21
19
18
18
17
15
12
13
12
12
12
14
14
13
12
13
13
13
13
13
13
13
13
153
156
152
147
157
174
175
164
158
160
164
157
148
160
176
175
162
154
147
143
141
139
143
149
153
169
157
138
142
146
159
188
183
176
169
166
165
158
143
131
113
103
91
83
81
83
85
85
81
76
70
65
60
56
52
50
50
43
38
36
34
31
33
37
30
31
32
32
31
29
27
26
19
19
18
18
19
20
21
21
26
29
33
35
35
32
28
25
23
21
18
17
17
18
17
16
14
16
19
19
17
13
11
10
13
13
13
13
13
13
13
13
149
155
152
140
140
155
169
172
167
159
158
161
163
174
175
161
156
152
152
155
152
145
139
138
145
161
158
149
158
162
157
159
168
161
153
147
138
121
97
78
71
69
67
67
68
66
63
60
65
59
52
48
48
47
45
42
31
25
22
22
20
18
19
23
24
22
21
22
25
25
22
18
17
17
17
17
18
18
19
19
22
25
29
32
32
30
26
23
22
19
15
13
15
17
18
18
14
19
25
26
21
16
13
13
12
12
12
12
12
12
12
12
156
153
146
137
130
135
153
170
165
157
160
167
171
179
179
165
152
152
157
166
169
162
155
151
152
156
147
137
142
150
149
146
137
134
128
119
105
86
65
51
54
55
56
57
57
54
50
46
49
45
39
37
37
35
31
27
22
18
16
18
18
15
17
21
18
14
12
14
17
18
15
12
15
15
16
16
17
17
17
17
19
21
23
24
25
25
23
22
20
16
12
10
12
15
17
17
11
17
23
25
22
18
15
15
12
12
12
12
12
12
12
12
163
150
137
131
131
135
145
155
162
162
169
169
158
161
172
174
159
155
155
161
163
158
153
150
145
145
139
125
115
118
128
134
111
107
99
86
69
52
40
34
32
31
30
29
28
28
29
29
21
20
21
22
22
21
18
16
17
13
13
15
15
12
13
16
13
11
8
9
12
13
11
8
12
12
13
14
15
15
14
14
16
16
17
18
19
20
21
21
19
15
11
10
11
13
15
15
9
13
16
18
18
16
15
14
11
11
11
11
11
11
11
11
149
147
139
131
133
143
147
144
167
168
176
176
164
165
178
184
165
157
151
151
148
140
132
128
132
128
129
123
106
99
107
112
84
77
63
49
36
29
27
26
17
18
20
21
22
25
27
29
19
22
24
25
24
22
22
22
22
17
15
16
12
6
4
5
12
11
9
9
9
9
8
8
7
8
10
11
11
11
10
9
12
13
14
16
17
18
19
19
19
16
13
11
12
14
14
14
13
12
11
12
14
15
14
13
11
11
11
11
11
11
11
11
127
147
151
134
131
146
153
144
145
141
151
163
165
171
178
175
162
154
150
150
146
135
122
115
110
92
88
88
77
70
73
74
58
48
33
23
21
26
33
37
52
58
67
74
78
79
79
79
78
80
80
75
67
60
58
58
62
56
52
48
41
31
25
25
12
12
11
10
8
8
8
9
4
5
7
8
8
8
7
6
10
11
14
17
18
19
18
17
20
17
14
13
14
14
14
13
18
14
11
11
14
16
15
13
11
11
11
11
11
11
11
11
115
139
142
121
122
148
159
148
144
151
155
154
154
159
164
166
139
146
143
132
129
131
119
100
86
79
69
59
51
46
42
40
38
32
26
35
55
68
83
108
110
112
112
112
115
118
113
106
105
104
102
95
83
76
83
94
101
96
89
83
77
68
59
52
42
43
44
44
38
28
14
5
2
2
2
3
4
5
7
8
9
11
14
16
18
18
18
17
20
18
16
14
12
12
12
13
12
12
12
12
12
12
12
12
12
11
10
9
9
9
9
10
127
131
133
131
132
138
146
149
143
153
159
155
149
148
150
151
146
141
129
117
116
121
118
108
88
73
54
41
36
36
35
34
44
59
75
95
119
129
138
153
159
159
156
152
148
144
133
122
123
116
110
105
101
98
101
108
109
104
98
91
84
75
66
59
57
55
52
49
44
37
29
23
7
7
6
5
4
2
1
1
3
5
9
13
17
19
21
22
22
20
18
15
14
13
12
13
11
11
11
11
11
11
11
11
12
11
10
9
9
9
9
10
125
128
132
138
145
151
156
159
157
160
154
139
130
134
147
156
141
129
114
108
110
114
114
112
103
92
80
78
85
91
92
90
102
120
131
137
150
156
158
166
169
171
169
166
163
159
148
136
140
127
116
114
115
114
111
111
107
103
98
91
84
75
65
59
56
51
45
39
36
33
30
27
20
20
20
19
17
14
11
10
16
18
22
26
28
29
29
29
24
23
20
18
15
14
13
12
11
11
11
11
11
11
11
11
12
11
10
9
9
9
9
10
119
135
141
136
145
164
166
152
154
151
140
126
122
131
143
150
122
113
108
112
117
116
112
110
114
119
130
145
156
159
152
145
150
163
160
151
155
158
151
149
153
155
153
151
151
150
142
133
135
123
113
112
112
107
99
95
93
91
88
83
76
68
60
55
49
44
36
30
28
27
26
25
25
26
28
29
29
28
25
24
35
38
41
43
42
37
32
28
26
25
22
20
17
15
13
12
10
10
10
10
10
10
10
10
12
11
10
9
9
9
9
10
126
137
141
137
140
150
147
134
132
132
130
131
136
138
131
120
109
105
108
117
123
121
117
116
116
132
155
172
174
164
149
139
144
155
152
151
165
168
155
144
157
154
146
136
131
129
121
112
106
100
97
98
95
86
78
74
75
76
76
73
67
60
54
51
48
44
38
34
32
31
29
28
17
19
22
24
25
24
22
21
30
34
40
43
41
35
27
22
26
25
24
21
19
16
14
12
10
10
10
10
10
10
10
10
12
11
10
9
9
9
9
10
133
126
131
145
146
133
130
138
135
131
128
131
141
144
132
116
110
111
112
114
118
124
129
132
131
145
163
172
168
156
143
136
142
140
128
127
145
153
144
140
150
144
132
118
109
105
96
88
75
73
75
79
76
68
61
60
56
58
61
59
54
48
43
41
40
37
32
30
28
26
23
21
13
14
15
16
15
14
13
12
13
18
25
31
33
31
26
23
25
24
23
22
19
17
14
13
11
11
11
11
11
11
11
11
12
11
10
9
9
9
9
10
126
119
127
143
142
127
126
140
142
135
126
125
134
143
139
129
116
122
120
112
111
124
138
143
149
155
163
167
166
161
156
153
153
141
120
116
128
130
127
133
127
122
111
98
91
86
77
68
59
55
56
60
60
55
50
49
46
50
53
52
46
40
35
34
31
27
23
20
19
17
14
11
15
15
14
13
12
11
10
10
10
13
16
20
23
24
24
24
22
23
22
22
20
17
15
13
11
11
11
11
11
11
11
11
12
11
10
9
9
9
9
10
117
126
133
130
124
121
120
119
123
123
124
127
136
140
134
123
117
129
128
114
110
125
140
144
152
152
152
155
158
157
153
150
145
140
133
139
149
140
130
136
118
114
104
93
85
78
68
57
57
49
44
47
50
47
42
40
49
53
56
55
49
42
37
35
34
30
25
22
20
18
16
15
14
13
12
12
11
11
12
12
16
15
13
12
13
14
17
18
21
21
22
21
20
18
15
14
12
12
12
12
12
12
12
12
12
11
10
9
9
9
9
10
107
108
113
122
125
122
120
122
127
117
121
131
133
132
122
103
96
101
115
127
126
121
130
145
146
141
143
150
152
147
143
145
145
144
142
139
135
129
121
115
106
93
86
89
84
67
55
53
43
41
42
46
53
55
52
47
53
58
62
61
53
46
44
46
42
35
28
25
25
23
19
14
15
15
14
13
13
14
14
15
12
12
12
12
12
12
12
12
16
16
17
17
17
17
16
16
13
13
13
12
12
12
11
11
10
10
10
9
9
8
8
8
88
90
99
111
117
117
117
120
117
113
120
127
121
118
111
98
97
100
107
118
126
132
141
150
144
140
140
145
143
135
129
128
132
131
129
127
121
113
102
95
93
80
74
76
72
58
47
46
41
37
35
37
42
44
43
40
37
41
43
40
35
34
33
33
38
32
26
24
25
25
21
17
16
15
14
13
12
12
12
12
12
12
12
12
12
12
12
12
13
13
14
15
15
14
13
13
12
11
11
11
10
10
10
9
10
10
10
9
9
8
8
8
88
89
94
102
105
103
102
104
104
105
115
116
104
98
98
91
98
99
99
105
119
135
143
144
133
131
133
138
138
133
127
126
123
122
121
119
114
104
94
86
76
65
58
59
55
43
36
36
32
28
24
24
27
30
30
29
31
35
35
30
30
35
35
30
30
26
22
21
22
22
20
16
16
15
14
12
11
11
11
11
11
11
11
11
11
11
11
11
10
10
11
11
11
11
10
10
10
10
10
9
9
8
8
8
9
9
9
9
8
8
8
8
92
89
88
91
90
87
87
90
97
96
103
102
89
87
91
89
98
101
98
96
107
124
130
126
127
126
126
129
131
129
127
126
122
120
118
116
112
105
96
90
75
65
58
55
50
41
35
35
25
23
21
22
25
28
28
28
34
39
40
36
38
43
41
33
27
24
21
19
19
18
15
12
14
13
12
11
11
11
11
11
11
11
11
11
10
10
10
10
8
9
9
10
10
9
9
8
10
10
9
9
9
8
8
8
8
8
8
8
8
8
8
8
81
77
75
78
81
82
86
92
97
90
92
92
84
87
94
92
96
103
104
98
101
113
119
116
131
128
125
122
121
122
121
119
124
121
117
113
109
104
98
94
85
78
70
65
60
53
49
48
39
40
41
44
47
49
48
47
46
49
51
52
52
50
44
37
34
31
28
25
21
18
14
11
12
12
11
11
11
12
13
13
11
11
10
10
9
9
8
8
8
8
9
10
10
9
8
8
10
10
10
9
9
9
8
8
8
8
8
8
8
8
8
8
78
74
74
78
81
83
88
94
94
85
85
86
83
88
96
92
90
98
102
101
101
106
114
117
126
126
124
121
123
129
130
128
129
126
122
118
115
110
104
100
90
87
83
79
75
71
70
70
75
77
79
81
81
80
79
77
76
73
75
80
75
61
53
52
47
45
41
36
30
24
18
16
13
13
12
12
12
12
13
13
11
10
10
9
8
8
7
7
8
8
9
9
9
9
8
8
10
10
10
9
9
8
8
8
7
7
7
7
8
8
8
8
73
72
74
79
81
80
80
83
80
75
80
82
77
81
86
82
82
83
87
92
94
96
105
114
111
116
118
120
126
134
136
132
125
125
126
127
127
123
116
111
96
98
99
98
98
100
102
103
114
113
112
109
105
101
99
98
99
88
89
96
85
60
51
61
56
55
51
45
37
30
24
21
18
17
15
13
12
11
11
11
10
10
10
9
8
7
6
6
6
7
8
8
8
8
7
6
9
8
8
8
7
7
7
6
6
6
6
7
7
8
8
8
54
55
63
72
76
73
72
73
66
65
75
79
70
70
74
70
75
69
71
79
84
85
93
105
102
108
113
114
118
124
122
115
112
116
122
129
133
130
124
118
108
113
117
120
124
130
134
136
136
133
128
120
112
107
105
104
100
83
81
89
73
41
35
52
59
58
55
49
40
32
26
24
22
20
18
15
12
10
9
8
10
10
9
8
7
7
6
5
5
6
6
7
7
6
6
5
7
7
6
6
6
5
5
5
6
6
6
7
7
8
8
8
59
58
55
57
66
71
63
48
60
61
60
58
61
66
67
63
58
53
68
85
80
78
92
104
107
104
117
128
118
106
101
94
104
105
124
143
141
139
142
142
132
142
151
145
145
161
156
126
112
119
121
111
99
92
91
90
87
83
76
66
57
50
49
49
60
63
53
44
48
46
37
35
30
26
20
15
14
14
13
12
9
8
8
7
7
6
6
5
2
3
4
5
5
5
5
4
4
4
4
5
5
6
6
6
8
7
7
6
6
7
7
8
57
56
53
52
59
66
62
53
59
60
59
58
63
72
75
74
70
64
74
86
82
79
92
107
108
99
105
115
111
104
96
85
88
95
118
137
140
146
153
151
151
154
158
153
151
161
156
132
120
119
112
103
97
95
92
88
88
85
78
69
60
54
53
53
62
65
54
45
49
46
37
35
31
27
21
17
16
15
14
14
9
9
8
7
7
6
5
5
2
3
4
5
5
5
5
4
4
4
4
5
5
6
6
6
8
7
7
6
6
7
7
8
53
53
50
48
51
58
60
59
60
60
57
55
61
71
78
78
75
68
69
75
72
68
82
102
114
98
97
107
111
112
106
92
102
115
136
146
148
159
166
156
164
157
157
156
151
151
146
130
127
118
103
94
94
98
94
86
90
87
81
72
64
59
58
59
62
65
54
43
46
43
33
30
31
27
22
18
17
17
16
15
9
9
8
7
7
6
5
5
2
3
4
5
5
5
5
4
4
4
4
5
5
6
6
6
7
7
6
6
6
6
7
7
46
48
49
47
47
51
57
60
64
62
55
50
53
63
70
71
74
67
61
61
61
57
71
98
114
98
96
105
112
121
122
110
123
140
159
160
158
172
177
160
168
154
153
159
151
141
134
124
128
117
100
90
92
97
93
85
90
87
82
74
66
62
62
63
60
62
50
39
41
37
27
24
29
26
21
18
17
17
15
14
10
9
9
8
6
5
5
4
2
3
4
5
5
5
5
4
4
4
4
5
5
6
6
6
7
7
6
5
5
6
7
7