112
92
138
150
166
178
185
190
195
198
182
181
177
171
171
186
211
230
251
255
251
237
233
243
250
250
255
253
255
255
228
194
186
199
196
200
198
183
156
133
124
124
114
99
89
92
95
83
65
52
36
38
46
61
80
95
104
108
111
131
135
113
97
105
120
127
110
107
102
101
109
118
118
112
106
100
95
92
85
76
72
73
70
67
60
52
42
32
25
20
22
21
20
18
16
15
15
15
15
14
14
13
13
14
14
15
14
14
14
13
13
12
12
12
128
140
152
155
153
161
181
199
199
200
199
194
194
204
222
237
239
245
244
235
234
243
247
243
229
238
246
242
225
208
204
208
189
178
171
174
172
154
130
114
118
104
94
96
96
84
66
53
39
40
45
56
74
93
109
118
122
133
135
119
107
111
122
128
124
120
112
109
113
119
117
110
98
90
84
82
79
73
69
70
68
65
61
55
48
41
35
32
25
23
21
18
16
15
15
16
15
14
14
13
13
14
14
15
14
14
14
13
13
13
12
12
159
161
159
151
145
154
178
198
215
218
219
217
215
219
229
238
238
243
241
235
233
234
229
220
213
228
235
224
211
206
203
198
181
161
151
163
170
155
131
117
120
109
99
98
97
87
73
63
66
63
60
60
68
84
103
115
125
125
123
117
111
110
114
118
118
114
105
100
101
105
102
96
88
77
68
66
66
62
58
57
55
54
52
49
46
42
39
37
28
26
22
19
16
16
16
16
15
14
14
13
13
14
14
15
14
14
14
14
13
13
13
12
192
186
176
168
167
176
191
203
221
223
224
223
222
224
228
233
235
236
233
227
224
221
212
201
201
209
209
198
187
182
179
176
175
161
153
154
146
129
126
135
119
110
100
96
94
90
83
78
89
85
77
71
70
80
96
108
114
105
102
105
105
98
96
99
96
93
86
81
82
87
85
80
80
67
55
52
53
49
44
41
43
43
43
42
41
39
38
37
31
28
24
19
17
16
16
17
15
14
14
13
13
14
14
15
15
15
14
14
14
13
13
13
183
187
190
189
188
194
205
215
227
226
225
224
224
225
228
230
225
224
220
216
215
214
208
200
188
181
175
172
166
159
160
165
168
161
157
149
130
113
121
140
117
110
99
90
85
84
84
83
83
82
79
75
75
83
95
105
100
90
88
96
99
90
84
85
84
83
77
72
73
78
78
74
72
59
48
46
47
44
40
37
43
43
43
43
41
40
38
37
30
28
24
20
18
17
17
17
15
14
14
13
13
14
14
15
15
15
15
14
14
14
13
13
177
195
212
213
202
199
211
226
231
228
224
222
223
225
227
227
225
222
216
211
207
204
200
197
188
174
164
162
157
149
149
155
151
148
144
137
125
114
113
119
111
107
97
82
73
72
74
74
70
71
71
71
72
75
79
83
85
80
83
92
94
86
80
79
79
77
72
66
66
69
69
66
62
52
44
45
47
46
43
43
42
42
41
40
38
36
34
33
28
26
24
22
19
17
16
16
15
14
14
13
13
14
14
15
16
15
15
15
14
14
14
14
187
199
212
215
210
209
215
223
225
221
215
213
215
215
214
212
210
207
202
195
187
180
177
177
179
172
159
149
144
142
137
131
127
127
122
114
109
105
98
89
94
96
90
75
64
61
61
60
63
62
62
63
63
60
56
53
62
67
75
81
81
76
71
70
65
65
60
54
53
57
58
55
52
46
42
44
45
42
42
43
38
38
36
35
32
29
27
25
24
24
23
23
21
18
16
15
15
14
14
13
13
14
14
15
16
16
15
15
15
14
14
14
188
183
183
194
210
220
220
215
214
209
204
202
203
202
198
193
174
173
172
169
162
156
156
159
151
155
145
128
126
135
128
110
108
114
109
93
85
86
82
73
78
85
84
71
59
56
55
53
54
53
54
56
58
55
48
42
41
52
64
68
66
63
60
57
53
53
50
45
45
49
51
50
47
43
41
41
39
35
34
37
37
37
36
34
31
28
26
24
21
22
23
23
22
19
16
14
15
14
14
13
13
14
14
15
16
16
16
15
15
14
14
14
152
156
167
184
196
201
205
210
191
205
210
201
191
186
178
168
155
153
149
145
142
141
141
142
126
125
121
116
110
104
99
96
97
95
92
88
83
78
74
72
70
68
65
61
55
50
45
42
45
45
45
47
49
48
46
44
44
44
44
46
49
51
51
50
43
41
39
37
37
38
41
43
43
42
41
39
36
34
32
31
30
29
27
25
24
23
22
22
20
21
22
23
23
21
18
17
14
13
13
12
12
13
13
14
14
16
18
20
19
17
14
12
118
126
144
167
181
184
183
184
187
201
209
203
192
181
163
146
132
130
126
122
119
118
118
118
116
114
110
105
100
96
92
90
90
87
82
76
71
68
66
65
61
59
57
53
50
46
44
43
36
36
36
37
40
40
39
37
36
35
35
36
39
41
41
40
36
34
32
30
31
33
35
37
37
39
41
43
42
39
35
32
32
31
28
25
23
21
19
19
16
17
19
20
19
17
15
14
11
10
10
9
9
10
10
11
11
13
15
17
18
17
16
15
103
116
141
170
187
188
182
179
180
188
189
181
171
159
139
121
113
111
107
104
101
99
99
98
86
84
81
79
77
76
76
76
75
72
66
60
56
54
54
54
48
47
45
43
42
41
42
42
35
34
33
34
36
37
37
35
27
26
26
27
30
32
31
30
29
28
26
25
26
28
30
32
30
34
40
44
44
41
35
32
31
29
26
23
20
17
15
14
12
13
14
15
15
13
12
11
8
8
7
7
7
7
8
8
9
10
11
13
15
17
18
19
134
142
160
181
190
181
167
159
134
129
117
104
97
94
84
73
71
69
66
63
61
59
58
58
48
47
46
46
47
50
53
55
55
53
50
47
45
44
44
44
39
38
36
34
34
36
38
39
38
36
34
34
35
35
34
32
24
23
22
24
26
27
26
25
25
24
23
23
23
25
27
29
24
27
33
37
37
34
30
27
25
24
21
18
15
13
12
11
10
11
11
12
12
11
10
9
9
9
8
7
7
8
9
9
10
9
10
11
13
15
18
19
171
166
165
164
155
134
111
99
83
72
55
42
40
44
44
40
37
36
34
32
30
28
27
27
28
27
26
26
27
30
33
35
35
36
37
39
39
38
37
36
35
33
31
30
30
31
33
35
35
33
30
29
29
27
24
22
23
22
21
22
23
24
23
22
21
20
20
19
20
21
23
24
19
21
23
24
24
22
20
19
16
15
13
12
11
10
10
11
10
10
11
11
11
11
11
10
12
12
11
11
11
11
12
12
12
11
10
10
11
13
16
17
169
154
136
122
105
84
64
54
51
42
32
28
29
32
32
30
27
27
27
26
25
24
23
23
26
25
24
23
22
23
24
24
23
25
29
32
34
33
31
30
32
31
29
28
28
29
30
30
33
32
31
30
29
26
21
18
21
20
18
19
20
20
19
18
16
15
15
14
14
15
15
16
14
14
13
13
12
11
11
11
9
9
8
8
8
9
10
11
10
10
10
11
11
11
12
12
14
14
13
13
13
13
14
14
14
13
12
11
11
13
14
15
134
114
91
75
63
51
42
38
23
20
18
19
22
21
19
18
16
16
17
17
17
17
17
16
24
24
24
23
23
22
22
22
20
22
24
26
27
27
27
26
27
27
27
27
27
27
27
27
33
33
34
35
35
32
26
22
20
19
17
17
18
18
17
15
13
13
12
11
10
10
10
10
9
8
8
8
7
7
7
7
7
7
7
7
8
9
10
11
10
10
10
10
10
11
12
12
14
13
13
12
12
13
13
14
13
13
13
13
13
14
15
15
103
81
56
40
32
26
24
24
22
20
20
23
25
24
23
23
16
17
18
19
20
20
20
20
17
18
19
21
22
23
23
23
22
22
22
22
22
23
24
24
24
24
25
26
27
27
27
26
29
30
33
36
37
34
28
23
21
19
18
18
19
18
17
15
14
13
12
11
10
9
8
8
4
5
6
7
7
7
6
5
9
8
8
8
8
9
10
11
9
9
9
9
10
11
12
12
12
11
11
10
10
11
11
12
12
12
13
14
15
15
16
16
53
43
34
28
23
18
17
20
20
24
32
41
45
42
33
26
24
20
18
18
20
20
17
13
21
21
21
21
20
20
20
20
18
18
19
20
21
22
23
23
16
25
24
21
25
25
23
30
28
34
40
40
38
35
30
27
22
18
17
19
18
13
11
12
11
11
10
10
9
8
7
7
6
6
6
6
6
6
6
6
6
6
7
8
9
10
10
11
11
10
10
10
10
10
10
10
10
10
10
11
11
12
12
12
13
13
13
14
14
15
15
15
52
43
35
33
33
31
31
33
28
31
35
37
37
37
38
40
24
23
20
15
11
13
20
26
13
13
13
14
15
15
16
16
15
16
16
17
18
19
19
20
17
24
21
17
22
21
19
25
32
40
48
51
50
45
34
25
21
17
15
17
16
11
8
9
10
10
10
9
8
7
7
6
5
5
5
5
5
5
5
5
3
4
4
5
6
7
7
8
7
7
7
7
7
7
7
7
10
10
10
11
11
11
12
12
13
13
13
14
14
14
15
15
51
42
35
36
40
39
38
39
26
30
34
32
26
21
21
22
19
32
45
44
31
16
10
9
10
10
10
10
10
10
10
10
12
12
13
13
14
15
15
16
16
21
16
14
21
20
18
25
38
50
62
68
68
59
40
23
22
17
14
16
15
10
8
8
9
9
8
8
7
6
5
5
3
3
3
3
3
3
3
3
3
3
4
4
5
6
6
7
6
6
6
6
6
6
6
6
9
9
10
10
10
11
11
11
13
13
13
13
14
14
14
15
51
41
34
36
38
36
32
30
23
22
20
17
16
19
23
27
58
75
92
92
72
44
22
11
16
15
14
12
11
9
8
7
10
10
11
11
12
12
13
13
11
16
13
15
23
20
19
28
46
63
80
88
88
77
54
32
25
18
14
15
16
13
10
11
8
8
7
6
6
5
4
4
3
3
3
3
3
3
3
3
4
5
5
5
6
6
7
7
7
8
8
8
8
9
9
9
8
9
9
9
10
10
10
10
12
12
13
13
13
14
14
14
50
41
35
36
36
31
25
22
24
15
8
12
27
47
63
72
83
85
83
73
55
38
26
20
16
15
14
13
12
11
10
9
10
10
10
10
10
11
11
11
7
12
12
15
21
16
15
27
50
76
101
109
106
94
70
48
30
21
13
13
15
13
11
12
8
7
7
6
5
4
4
4
3
3
3
3
3
3
3
3
4
4
4
4
5
5
5
5
7
7
8
8
9
9
9
10
8
8
8
8
9
9
9
10
12
12
12
13
13
13
14
14
49
44
41
41
38
30
24
23
17
16
22
37
57
71
73
70
50
44
35
24
14
9
6
6
7
8
9
10
11
12
13
14
9
9
9
9
9
9
9
9
5
11
11
13
15
8
11
31
64
101
135
140
127
108
84
63
40
27
15
12
12
11
10
11
8
8
7
6
6
5
4
4
3
3
3
3
3
3
3
3
1
1
1
1
1
1
1
1
3
3
4
4
5
6
6
7
7
7
7
8
8
8
9
9
11
12
12
12
13
13
13
13
52
51
50
49
41
29
24
24
20
27
40
55
63
59
44
31
24
23
20
15
9
4
2
2
2
3
5
7
10
12
14
15
8
8
8
7
7
7
7
7
4
10
10
10
10
6
20
49
116
163
203
200
170
138
107
84
57
41
23
15
13
11
10
11
9
8
8
7
6
5
5
5
1
1
1
1
1
1
1
1
0
0
0
0
0
0
0
0
0
0
1
2
2
3
4
4
6
6
7
7
7
8
8
8
11
11
12
12
12
13
13
13
57
57
58
54
41
27
21
22
38
39
41
42
40
34
27
21
21
20
16
8
0
0
1
5
3
4
5
7
9
11
12
13
6
6
6
6
6
6
6
5
3
9
9
9
10
11
34
70
177
229
255
255
217
172
134
109
72
53
32
20
16
13
12
12
9
9
8
8
7
6
5
5
0
0
0
0
0
0
0
0
2
2
2
2
2
2
2
2
0
0
0
1
2
3
4
4
6
6
6
7
7
8
8
8
11
11
11
12
12
13
13
13
69
68
66
60
54
47
43
41
46
47
60
70
69
76
87
86
67
90
80
45
32
36
31
23
22
20
17
15
13
11
8
6
12
8
4
0
1
6
13
18
16
10
12
20
10
0
47
127
215
240
255
255
224
182
145
122
93
72
43
23
16
15
15
13
9
9
9
9
8
7
6
5
3
3
3
3
3
3
3
3
3
3
3
4
4
4
5
5
4
4
4
5
5
5
6
6
8
8
8
8
8
8
8
8
8
9
9
10
11
12
13
14
90
93
94
90
81
76
76
78
88
83
88
92
90
101
117
120
105
122
115
91
83
79
70
64
45
40
34
31
30
28
22
18
10
12
15
15
12
8
4
1
7
8
10
14
11
20
87
173
224
244
255
249
217
181
150
133
103
85
58
34
19
12
10
10
9
10
10
9
9
7
6
5
3
3
3
3
3
3
3
3
4
5
5
5
6
6
6
7
6
6
7
7
7
8
8
8
9
9
9
9
9
9
9
9
9
10
10
11
11
12
13
13
127
133
138
135
127
123
126
132
149
132
117
99
79
77
84
83
66
72
66
57
54
42
28
27
38
32
24
21
21
19
14
10
10
12
13
13
12
12
13
14
20
18
12
13
28
61
129
202
225
244
255
245
213
179
151
136
112
97
71
43
22
11
9
11
10
10
10
10
9
8
6
6
4
4
4
4
4
4
4
4
6
6
6
7
7
8
8
8
9
9
9
10
10
11
11
11
10
10
10
10
10
10
10
10
11
11
11
11
11
12
12
12
172
177
181
180
175
173
176
179
178
160
144
123
98
89
89
83
67
62
51
49
51
38
25
29
27
24
20
18
17
18
19
19
18
17
14
10
7
8
14
19
10
17
26
53
100
143
181
213
212
232
247
239
211
177
148
131
115
97
69
41
22
14
13
15
10
10
10
10
9
8
7
6
5
5
5
5
5
5
5
5
6
6
7
7
7
8
8
8
10
10
11
11
11
12
12
12
12
12
12
12
12
12
12
12
12
12
12
12
12
11
11
11
203
202
202
202
203
203
201
199
170
157
149
135
112
99
91
78
60
51
33
26
31
24
16
20
16
18
20
19
18
22
30
37
34
34
31
25
21
22
28
34
52
78
106
141
181
199
193
188
197
214
226
221
201
175
151
136
115
92
59
32
19
15
14
14
10
11
11
10
10
8
7
6
5
5
5
5
5
5
5
5
6
6
6
7
7
7
8
8
10
10
10
11
11
12
12
12
13
13
13
13
13
13
13
13
13
13
13
12
12
12
12
12
210
206
203
203
206
205
201
196
197
186
181
170
147
130
116
99
73
71
49
30
34
38
32
28
24
26
28
28
29
35
45
53
54
53
52
52
61
81
108
127
157
182
197
200
204
198
186
183
196
203
206
200
188
174
158
145
111
86
52
27
16
14
12
10
11
11
11
11
10
9
7
7
6
6
6
6
6
6
6
6
6
6
6
7
7
8
8
8
10
10
10
11
11
12
12
12
13
13
13
13
13
13
13
13
12
12
12
13
13
13
13
13
217
215
213
212
212
210
207
204
191
181
179
175
163
158
153
141
123
135
115
84
86
98
89
72
71
67
62
62
66
73
78
81
74
81
91
104
122
149
181
202
202
217
216
206
202
199
203
214
206
206
202
194
186
173
155
139
99
80
52
29
16
12
11
11
11
11
11
11
10
9
8
7
7
7
7
7
7
7
7
7
7
8
8
8
9
9
9
10
11
11
11
12
12
13
13
13
12
12
12
12
12
12
12
12
11
11
12
13
13
14
14
15
234
236
236
234
230
226
226
227
222
209
204
199
191
192
194
187
182
205
190
152
151
168
155
127
104
93
82
81
88
95
94
90
87
110
140
164
176
180
183
185
204
213
211
208
210
204
195
197
216
215
209
201
191
174
146
123
87
74
54
33
19
13
13
15
11
11
12
11
10
9
8
7
7
7
7
7
7
7
7
7
9
9
10
10
10
11
11
11
12
12
12
13
13
14
14
14
12
12
12
12
12
12
12
12
10
11
12
13
14
15
15
16
248
248
249
251
252
248
240
233
240
229
217
214
220
227
231
230
214
238
237
193
159
169
171
145
116
110
93
79
90
114
122
113
125
140
166
194
216
224
223
219
223
214
209
211
207
199
198
204
222
231
223
195
174
164
146
123
83
68
47
28
16
12
12
12
12
12
12
11
11
10
10
10
10
9
8
7
7
7
7
8
9
8
8
8
9
10
11
12
8
8
9
10
12
13
14
14
12
12
12
12
12
12
12
12
12
12
12
13
13
14
14
14
254
254
254
254
255
253
250
248
250
245
241
242
247
248
244
239
234
239
234
202
171
169
173
161
143
137
118
100
106
134
152
152
169
173
184
202
220
231
231
227
210
208
207
205
201
199
206
215
231
233
221
195
174
158
137
115
90
77
58
40
27
19
14
11
12
12
12
11
11
10
10
10
11
11
10
10
9
8
8
8
10
9
9
9
10
11
12
12
12
12
13
13
14
14
15
15
12
12
12
12
12
12
12
12
12
12
12
13
13
14
14
14
255
255
255
255
254
255
255
255
255
255
254
255
255
255
249
241
238
223
214
201
177
166
172
175
164
160
143
123
127
155
181
190
203
200
201
211
224
232
229
224
201
207
206
198
193
200
213
223
232
225
211
192
175
159
138
120
95
83
67
51
39
28
19
12
12
12
12
11
11
10
10
10
13
13
13
12
11
10
9
8
9
8
8
8
8
9
10
10
12
12
12
12
12
12
12
12
12
12
12
12
12
12
12
12
12
12
12
13
13
14
14
14
253
255
255
255
252
252
255
255
255
253
250
249
249
247
240
234
223
204
195
191
176
168
174
179
165
165
155
143
149
172
193
201
202
204
209
217
222
222
215
208
204
209
205
192
189
203
219
225
234
218
197
180
167
151
133
120
96
85
69
56
45
36
25
18
12
12
12
11
11
10
10
10
12
13
13
13
12
11
9
8
10
10
9
9
9
10
10
11
10
10
11
11
11
12
12
12
12
12
12
12
12
12
12
12
12
12
12
13
13
14
14
14
250
254
255
255
254
253
254
255
255
253
251
249
247
241
233
226
215
202
195
187
175
174
177
171
163
167
169
168
176
190
196
194
198
206
215
218
214
207
201
199
207
208
201
190
193
211
225
229
248
225
195
171
155
140
123
112
103
90
72
57
48
39
29
21
12
12
12
11
11
10
10
10
11
11
12
12
11
10
10
9
13
12
11
11
11
11
12
12
10
11
11
12
13
14
15
15
12
12
12
12
12
12
12
12
12
12
12
13
13
14
14
14
248
252
255
255
255
255
253
253
254
255
255
255
254
243
229
220
212
203
197
185
172
173
173
161
172
181
190
196
201
204
199
191
206
213
219
215
204
196
195
199
202
200
195
192
201
218
233
239
255
238
205
175
157
147
134
121
112
97
76
59
49
39
28
19
12
12
12
11
11
10
10
10
11
11
10
10
10
11
12
13
11
10
9
9
8
8
9
9
9
9
9
10
10
11
11
11
12
12
12
12
12
12
12
12
12
12
12
13
13
14
14
14
240
241
244
247
250
251
249
247
249
250
251
249
242
230
218
209
203
192
189
183
172
172
176
171
187
198
209
211
207
201
195
190
204
208
211
206
197
190
189
192
195
192
193
198
205
217
234
249
255
245
214
179
161
156
144
127
110
95
74
58
48
38
24
14
12
12
12
11
11
10
10
10
12
11
10
9
10
13
16
18
17
17
15
15
14
14
14
15
15
14
14
13
11
11
10
9
12
12
12
12
12
12
12
12
12
12
12
13
13
14
14
14
230
229
229
234
240
243
242
239
240
237
231
224
217
209
202
198
195
180
180
185
179
178
188
194
195
208
217
213
200
190
188
189
190
194
199
199
194
187
182
179
191
189
194
203
207
212
232
253
255
248
218
177
153
147
132
110
101
87
68
56
47
37
22
11
12
12
12
11
11
10
10
10
14
12
10
9
11
15
20
23
33
32
31
30
29
29
29
30
28
27
25
23
20
18
16
15
12
12
12
12
12
12
12
12
12
12
12
13
13
14
14
14
209
213
214
210
210
215
219
220
227
221
218
217
211
203
202
208
189
180
175
176
174
173
183
198
194
193
190
188
187
186
187
187
189
184
179
174
169
167
177
189
200
194
196
196
196
216
245
255
250
214
178
155
138
131
118
97
87
74
55
40
31
25
19
14
16
15
14
13
12
11
11
11
9
11
13
11
10
14
23
31
42
52
57
50
43
42
44
43
42
44
43
37
33
31
28
23
23
20
16
13
12
13
15
16
13
13
13
13
13
13
13
13
196
196
193
193
200
211
217
216
209
205
203
202
197
190
189
193
196
190
185
181
179
181
190
200
204
199
194
189
186
183
180
177
172
166
158
154
159
170
183
191
204
185
177
182
191
211
223
219
198
170
146
131
118
112
100
81
74
61
43
30
23
19
16
13
16
15
14
13
12
11
11
11
9
12
13
12
10
13
21
27
48
58
63
60
57
58
60
60
53
56
56
52
48
45
40
33
31
29
26
21
17
14
12
11
13
13
13
13
13
13
13
13
187
186
185
188
197
206
205
198
199
198
199
200
197
193
193
196
196
197
193
187
186
192
199
202
203
196
187
182
179
175
168
162
157
151
141
140
159
184
195
192
186
164
152
156
164
176
176
161
146
128
117
109
98
91
81
63
54
43
29
18
14
14
14
13
15
15
14
13
13
12
11
11
9
12
13
13
11
13
17
22
48
59
69
71
71
73
76
77
63
68
69
66
62
59
52
45
40
38
36
31
25
19
13
10
13
13
13
13
13
13
13
13
165
172
181
189
198
201
194
183
192
194
198
200
200
200
200
202
186
193
194
189
190
199
202
197
186
178
169
165
164
160
152
143
141
138
132
139
168
198
199
181
154
139
133
133
130
133
132
120
115
103
98
92
78
69
60
44
34
28
20
14
13
13
14
13
14
14
14
14
13
12
12
11
9
11
13
13
12
12
14
17
35
52
70
78
78
77
80
84
75
78
79
75
71
69
64
58
47
45
42
37
31
24
19
16
13
13
13
13
13
13
13
13
140
153
169
180
188
193
192
187
184
188
191
191
191
191
192
192
180
189
192
189
191
195
192
183
168
160
150
146
146
141
132
123
118
120
124
142
176
199
185
154
128
114
109
110
109
113
114
103
90
78
74
67
51
43
36
24
22
20
17
16
15
15
14
14
13
13
14
14
14
13
12
11
9
11
12
12
11
11
12
13
19
40
66
80
79
74
77
83
82
84
82
76
73
73
71
66
56
52
46
39
32
26
21
19
13
13
13
13
13
13
13
13
149
158
167
171
176
184
190
191
187
191
192
188
185
185
185
183
182
185
187
185
183
180
172
163
156
149
140
134
129
122
112
103
102
106
118
144
176
185
157
121
98
76
66
71
82
95
96
83
65
53
49
42
29
25
23
14
16
16
15
15
14
13
13
13
12
12
14
15
15
14
12
11
9
10
10
10
10
11
11
11
11
28
54
73
78
75
76
81
77
78
75
68
65
66
65
62
62
57
50
40
31
24
18
16
13
13
13
13
13
13
13
13
166
169
169
168
172
180
184
183
188
192
191
184
181
183
183
180
181
176
173
173
169
161
153
149
145
140
133
125
116
107
97
91
98
99
111
138
160
152
115
81
58
38
27
28
34
50
60
54
46
34
30
26
18
18
19
11
15
13
11
8
7
7
8
10
11
12
14
15
15
14
12
11
10
9
8
8
9
10
11
11
12
17
34
59
77
81
79
79
71
73
71
65
62
63
61
57
58
55
49
41
32
24
17
13
13
13
13
13
13
13
13
13
160
160
161
165
174
183
181
175
175
179
179
172
170
175
177
175
177
165
158
160
157
146
141
143
135
132
127
119
109
99
91
86
96
93
102
125
137
118
77
45
28
19
13
4
0
4
26
36
34
21
18
16
11
13
14
6
15
12
7
2
0
0
4
8
10
12
14
15
15
14
12
11
10
8
6
6
8
10
11
12
14
9
18
46
74
85
82
77
74
77
77
73
70
69
65
60
49
48
46
42
35
26
18
13
13
13
13
13
13
13
13
13
153
157
163
168
170
170
169
169
182
172
164
161
160
158
162
168
166
158
154
156
149
133
125
125
116
112
109
105
96
86
85
91
95
104
104
111
113
79
43
41
24
10
3
6
4
0
5
19
19
19
18
16
16
16
15
11
11
10
8
6
4
1
0
0
0
3
8
12
14
14
12
10
8
8
8
9
9
10
10
10
11
12
16
29
54
78
84
78
72
74
73
71
72
72
65
57
49
46
39
32
25
20
16
15
12
12
12
13
13
14
14
14
137
147
158
162
160
156
155
155
171
164
139
112
113
137
151
147
145
144
143
140
130
119
116
118
99
99
95
87
81
83
88
92
112
115
116
117
108
76
38
23
19
11
3
2
6
11
13
13
17
19
19
16
13
13
15
17
12
12
10
8
6
4
2
1
2
4
7
11
12
12
11
10
8
8
9
9
9
10
10
10
9
10
11
19
38
61
74
75
71
73
71
68
68
67
61
54
46
43
37
30
23
18
15
13
12
12
12
13
13
14
14
14
130
142
156
160
154
148
147
149
163
151
123
96
99
123
136
131
126
132
131
121
110
105
106
107
89
89
84
74
74
85
99
106
129
129
135
133
116
93
60
26
21
23
19
11
11
17
17
10
17
21
24
22
17
12
13
16
14
13
12
10
8
6
5
4
4
5
7
8
9
9
9
9
8
9
9
9
10
10
10
10
10
11
10
10
21
41
60
70
70
71
68
64
61
61
55
49
42
38
33
27
21
16
14
12
12
12
13
13
13
13
14
14
137
144
151
154
151
149
151
153
158
140
128
129
128
121
120
125
122
128
124
110
101
103
103
98
94
86
79
79
83
93
114
133
145
147
161
163
147
139
114
71
30
27
22
16
11
10
13
17
15
14
17
20
20
16
13
14
13
13
12
10
9
8
6
6
7
6
6
6
6
7
8
8
9
9
9
10
10
10
11
11
11
13
12
9
12
26
47
62
66
67
65
59
55
54
49
43
38
35
30
24
19
16
14
13
13
13
13
13
13
13
13
13
149
146
144
144
148
153
157
159
157
147
145
148
139
120
113
119
120
122
116
105
104
109
105
95
98
80
76
90
99
103
127
159
172
177
195
199
189
189
172
132
61
28
6
11
22
26
37
52
39
24
12
12
15
15
14
14
11
11
10
9
8
7
7
6
8
7
6
6
6
6
8
8
9
9
10
10
10
11
11
11
10
13
14
12
10
17
32
47
58
61
60
54
49
47
43
38
34
32
28
23
19
16
14
14
13
13
13
13
13
13
13
13
160
154
147
146
152
160
164
165
159
163
156
137
123
121
120
117
115
112
107
105
108
110
103
94
90
77
80
101
115
123
149
181
205
214
226
227
221
219
203
177
122
65
25
37
67
84
98
115
99
67
33
18
13
10
8
10
9
9
9
8
8
7
7
6
8
7
7
7
7
8
8
9
10
10
10
10
11
11
11
12
9
9
11
12
11
11
19
28
45
50
52
48
43
41
37
32
30
28
25
21
17
15
14
14
14
14
13
13
13
13
12
12
160
158
155
154
156
159
161
161
152
153
144
129
121
121
122
119
113
108
107
110
109
101
93
88
80
86
98
116
137
161
187
207
223
236
240
236
235
226
210
201
172
129
95
98
115
125
135
146
124
90
53
33
21
10
6
8
9
9
9
8
8
8
8
7
7
7
8
8
9
9
10
10
10
10
10
11
11
11
12
12
12
8
8
12
13
11
12
16
32
39
44
41
37
34
30
26
26
24
21
18
15
14
13
13
14
14
14
13
13
12
12
12
150
153
157
157
153
150
149
149
137
122
121
134
134
117
110
118
116
111
112
116
108
91
81
82
77
100
119
131
157
197
223
229
224
241
240
234
238
224
208
212
181
172
158
144
129
121
124
132
96
72
49
39
29
16
11
14
9
9
9
9
9
9
9
9
6
7
8
10
11
11
11
10
10
10
10
11
11
12
12
12
16
9
7
13
16
13
10
11
23
31
38
37
33
30
26
21
23
21
18
15
13
12
12
12
14
14
14
13
13
12
12
12
138
147
154
151
144
138
137
137
136
125
116
117
118
118
121
128
104
111
120
120
108
92
87
90
111
118
138
163
193
232
250
241
255
246
237
234
228
214
197
187
163
160
156
149
133
116
112
118
99
68
46
36
26
26
33
34
15
10
8
9
11
11
9
8
10
9
9
8
8
9
10
10
10
10
10
11
11
12
12
12
12
12
12
12
12
12
12
12
15
19
24
29
29
26
21
17
14
12
10
10
11
11
11
9
13
13
13
13
13
13
13
13
152
153
151
145
138
133
130
128
125
118
115
120
123
120
115
114
123
119
114
106
96
90
95
105
119
140
175
201
219
242
253
244
239
227
216
215
214
204
189
179
148
143
139
135
126
116
112
115
92
63
44
34
24
29
47
58
36
26
15
9
8
8
9
9
9
9
8
8
8
8
9
9
10
10
10
11
11
11
12
12
12
12
12
12
12
12
12
12
12
15
21
25
27
25
22
20
16
13
11
10
11
12
11
10
13
13
13
13
13
13
13
13
150
146
142
142
142
139
132
126
120
115
115
121
125
122
116
112
129
119
107
101
99
105
118
132
144
171
210
228
226
232
240
234
215
198
182
180
181
174
161
151
153
144
135
132
129
122
115
111
83
59
44
36
26
34
59
75
62
50
33
18
10
9
11
12
9
8
7
7
7
7
8
8
9
9
10
10
10
11
11
11
11
11
11
11
11
11
11
11
9
12
16
20
23
23
23
23
19
16
12
10
11
12
12
12
13
13
13
13
13
13
13
13
144
137
135
142
149
145
133
123
116
115
115
116
117
117
118
119
125
117
112
114
120
127
138
148
172
190
215
215
198
197
209
210
194
175
157
156
161
159
148
140
165
152
137
132
130
124
111
100
81
57
44
38
31
39
63
79
77
72
58
36
17
9
8
8
8
8
7
6
6
6
7
7
8
9
9
9
10
10
10
10
10
10
10
10
10
10
10
10
9
10
13
15
18
20
21
22
21
17
13
11
11
12
13
13
13
13
13
13
13
13
13
13
149
136
129
134
141
137
126
118
109
115
119
116
111
110
115
120
122
118
119
127
136
141
146
152
177
184
194
188
168
169
184
189
182
163
148
150
159
162
155
149
155
144
131
126
128
124
110
97
86
58
41
37
34
48
74
88
94
97
87
60
31
14
6
3
9
8
7
6
6
6
6
6
8
8
8
8
9
9
9
10
10
10
10
10
10
10
10
10
11
11
12
12
14
15
17
18
20
17
13
12
12
13
14
13
13
13
13
13
13
13
13
13
146
129
118
121
127
127
126
129
114
125
131
127
118
114
115
116
110
109
114
127
139
147
155
162
160
163
174
173
159
160
173
177
174
156
141
141
146
146
139
133
144
139
133
130
133
132
121
108
86
59
44
43
46
65
94
110
119
121
107
76
45
27
16
9
10
9
8
7
6
6
6
6
7
7
7
8
8
8
9
9
9
9
9
9
9
9
9
9
13
12
12
12
12
13
14
14
17
15
13
13
14
15
14
13
13
13
13
13
13
13
13
13
137
124
118
123
126
124
127
134
133
137
135
126
119
116
113
108
104
107
115
128
139
145
152
159
147
152
167
170
157
155
165
167
162
147
134
132
133
128
120
114
143
144
140
133
128
122
110
97
75
60
61
70
73
87
111
125
128
118
92
58
39
33
27
17
12
11
9
8
7
7
7
7
6
6
7
7
7
8
8
8
8
8
8
8
8
8
8
8
12
12
11
12
12
12
13
13
13
12
12
14
16
16
14
12
13
13
13
13
13
13
13
13
137
130
131
137
134
122
117
122
146
140
125
111
106
109
106
100
115
119
128
138
140
136
135
137
147
152
167
169
152
146
154
158
151
141
133
135
138
135
130
126
142
144
139
123
107
93
76
62
60
61
81
100
100
103
118
126
117
96
58
25
17
26
26
16
12
12
10
9
8
7
7
7
6
6
6
7
7
8
8
8
8
8
8
8
8
8
8
8
10
10
11
12
12
13
14
14
10
10
11
14
17
16
14
11
13
13
13
13
13
13
13
13
128
127
136
146
136
115
113
128
132
130
125
117
109
102
99
99
114
137
130
122
133
125
119
143
161
147
149
167
169
149
138
142
145
141
135
133
134
138
143
146
139
127
107
86
69
58
52
49
47
55
66
76
80
78
72
67
44
37
25
15
9
9
12
14
15
14
12
11
10
9
9
9
10
10
10
10
10
10
10
10
8
8
8
8
8
8
8
8
10
10
10
11
11
12
12
12
13
13
13
13
13
13
13
13
13
13
13
12
12
11
11
11
119
122
128
133
133
129
128
130
126
120
111
103
99
102
110
117
113
130
121
115
132
128
121
140
154
141
137
144
144
134
133
141
141
137
135
138
143
143
138
133
108
93
72
57
52
52
52
51
38
41
43
44
41
36
29
25
29
24
18
11
8
7
7
9
13
12
11
9
9
8
9
9
9
9
9
9
9
9
9
9
8
8
8
8
8
8
8
8
10
10
10
11
11
12
12
12
13
13
13
13
13
13
13
13
13
13
12
12
12
11
11
11
111
116
117
115
122
132
131
121
112
108
101
96
97
106
120
130
115
124
114
111
128
127
119
129
137
131
126
123
120
119
125
132
128
125
124
127
128
120
103
88
73
59
43
36
38
42
41
38
35
33
30
26
23
19
17
16
13
13
11
10
8
7
6
5
10
9
8
8
8
8
9
9
9
9
9
9
9
9
9
9
8
8
8
8
8
8
8
8
10
10
10
11
11
12
12
12
13
13
13
13
13
13
13
13
13
12
12
12
11
11
11
11
119
118
113
109
113
120
118
112
101
102
103
104
108
114
122
128
119
125
119
117
127
123
113
117
114
117
115
107
102
104
110
113
115
111
106
100
91
74
52
37
26
22
18
19
22
22
18
13
22
20
16
13
11
11
12
13
9
9
10
10
10
9
8
7
8
8
7
7
8
9
10
10
10
10
10
10
10
10
10
10
9
9
9
9
9
9
9
9
10
10
10
11
11
12
12
12
12
12
12
12
12
12
12
12
12
12
12
11
11
11
10
10
128
120
115
112
108
102
104
110
105
108
112
115
117
119
122
125
124
129
129
129
129
122
112
110
99
104
102
90
83
87
94
97
95
92
85
72
55
37
24
17
8
11
15
17
17
16
16
16
16
15
13
11
10
9
9
9
11
10
9
8
8
8
8
9
7
7
7
7
8
9
10
11
11
11
11
11
11
11
11
11
9
9
9
9
9
9
9
9
10
10
10
11
11
12
12
12
12
12
12
12
12
12
12
12
12
12
11
11
11
10
10
10
121
114
109
107
98
90
95
107
114
115
117
117
118
121
125
129
126
127
130
131
126
118
109
102
96
95
87
74
66
70
79
86
62
61
55
42
28
19
16
17
15
17
17
13
8
6
10
14
8
8
10
11
11
11
10
10
9
8
6
4
4
4
5
6
6
5
5
5
6
7
8
9
10
10
10
10
10
10
10
10
10
10
10
10
10
10
10
10
10
10
10
11
11
12
12
12
11
11
11
11
11
11
11
11
11
11
11
11
10
10
10
9
111
111
107
98
92
94
100
104
112
114
117
119
121
124
128
132
128
119
118
117
112
106
96
81
78
73
65
58
50
47
51
57
31
30
25
19
13
10
10
12
7
7
7
5
3
3
6
8
3
3
3
3
3
1
0
0
4
4
3
3
2
2
2
2
3
3
3
2
3
3
4
5
8
8
8
8
8
8
8
8
10
10
10
10
10
10
10
10
10
10
10
11
11
12
12
12
11
11
11
11
11
11
11
11
11
11
11
10
10
10
9
9
111
120
115
97
94
108
113
105
102
108
116
123
127
128
130
131
131
112
104
101
96
91
80
59
48
43
41
42
35
23
18
21
20
16
12
10
9
8
5
3
7
10
18
28
38
43
43
41
34
31
26
19
12
5
0
0
0
1
3
4
4
3
1
0
2
1
0
0
0
0
1
1
6
6
6
6
6
6
6
6
10
10
10
10
10
10
10
10
10
10
10
11
11
12
12
12
11
11
11
11
11
11
11
11
11
11
11
10
10
9
9
9
102
102
99
95
97
104
108
107
104
107
113
117
116
113
112
113
99
104
102
92
79
69
58
48
29
29
32
34
27
15
12
16
23
13
1
0
13
38
65
82
112
117
128
144
157
158
149
139
125
129
122
99
77
68
68
68
73
62
47
33
23
16
9
5
3
4
5
6
6
5
3
2
2
2
2
2
2
3
4
5
5
6
7
7
8
9
10
10
9
9
9
10
10
11
11
11
10
10
10
10
10
10
10
10
14
14
12
11
10
9
9
9
97
98
98
96
99
105
108
106
104
109
114
113
107
102
103
107
98
96
90
82
71
59
50
45
39
27
16
9
3
0
0
5
0
17
52
88
119
146
167
179
185
188
195
203
206
198
180
165
159
155
144
130
124
126
129
127
127
116
99
81
63
47
32
24
11
10
8
6
5
5
6
7
1
1
0
0
1
2
3
4
6
6
7
8
9
9
10
10
9
9
9
10
10
11
11
11
10
10
10
10
10
10
10
10
13
13
12
10
10
10
10
10
104
105
103
100
101
104
103
98
113
115
113
103
93
91
98
106
95
84
76
74
67
56
50
52
38
29
24
29
41
53
63
71
107
131
161
177
172
157
144
138
123
126
132
142
150
148
139
130
135
127
116
113
120
127
123
115
93
90
84
77
69
59
50
43
28
23
17
11
7
7
8
10
3
3
2
2
2
3
4
5
7
7
7
8
9
9
10
10
9
9
9
10
10
11
11
11
10
10
10
10
10
10
10
10
12
11
10
10
10
10
11
11
87
90
92
95
104
113
116
113
115
112
101
87
79
83
92
99
81
67
61
66
65
55
53
61
56
64
82
106
129
143
150
152
157
168
176
173
156
136
122
116
124
118
112
110
111
111
109
106
99
93
88
91
98
97
83
69
71
69
66
62
56
48
40
36
39
34
27
19
13
10
9
9
8
7
7
6
6
7
8
8
7
8
8
9
9
10
10
10
9
9
9
10
10
11
11
11
10
10
10
10
10
10
10
10
10
10
10
9
9
10
11
12
96
96
94
94
99
107
107
102
101
97
87
78
78
83
83
78
65
53
51
59
59
51
52
62
73
92
119
140
148
146
138
131
124
124
124
125
127
129
130
131
126
117
104
93
87
83
80
77
74
70
69
71
72
65
53
44
56
55
52
47
41
35
31
29
33
30
26
21
17
13
10
9
10
10
9
8
8
9
9
10
8
9
9
9
9
10
10
10
9
9
9
10
10
11
11
11
10
10
10
10
10
10
10
10
10
10
9
9
9
10
11
11
110
108
103
100
102
104
99
90
86
87
85
84
89
92
80
63
64
58
57
60
59
55
59
69
83
101
121
129
127
118
106
96
116
109
102
101
104
104
98
91
94
89
82
76
71
66
61
58
40
36
34
34
32
28
27
29
20
21
22
21
20
21
23
25
16
17
17
17
16
14
12
10
10
10
9
8
8
8
8
9
9
9
9
10
10
10
10
10
9
9
9
10
10
11
11
11
10
10
10
10
10
10
10
10
11
10
9
9
9
9
9
10
78
81
86
94
105
113
110
101
80
85
85
83
87
90
80
63
67
68
67
63
60
64
75
85
101
112
121
124
126
126
120
112
96
90
84
86
91
92
86
79
73
68
59
50
41
32
26
22
24
20
18
19
17
14
17
24
20
22
22
18
14
10
10
11
9
10
12
13
14
13
12
11
12
12
11
10
9
9
10
10
10
10
10
10
10
10
10
10
9
9
9
10
10
11
11
11
10
10
10
10
10
10
10
10
12
11
10
9
8
8
8
8
69
73
78
85
92
94
83
70
77
81
78
69
69
77
76
67
64
69
68
60
56
67
85
96
100
103
105
105
110
116
112
103
105
95
84
78
78
78
75
71
61
54
44
34
29
27
28
30
19
16
18
22
19
12
10
14
9
13
17
17
14
12
12
13
13
13
13
13
13
12
11
11
16
15
14
13
12
12
12
13
10
10
10
10
10
10
10
10
9
9
9
10
10
11
11
11
10
10
10
10
10
10
10
10
12
12
10
9
8
7
7
7
65
64
65
71
79
85
86
85
77
66
59
67
77
76
65
56
51
59
65
65
62
65
77
88
92
88
87
94
103
105
98
90
95
89
83
78
71
65
65
69
70
60
54
52
47
37
33
34
26
24
19
15
12
10
10
10
16
16
16
15
15
15
15
15
12
12
12
12
12
12
12
12
13
13
13
12
12
11
11
11
11
11
11
10
10
9
9
9
9
9
9
9
9
9
9
9
12
12
12
11
11
11
10
10
9
9
9
9
9
9
9
9
65
64
64
68
73
76
77
76
63
60
61
65
66
59
52
49
48
51
57
61
66
72
79
84
82
81
82
86
90
89
82
75
78
73
69
66
59
49
44
45
52
45
42
42
39
32
27
27
16
14
12
10
9
9
10
11
11
11
11
11
11
11
11
11
12
12
12
12
12
12
12
12
12
12
11
11
11
10
10
10
11
11
10
10
10
9
9
9
9
9
9
9
9
9
9
9
11
10
10
10
9
9
9
8
9
9
9
9
9
9
9
9
60
60
59
60
60
61
61
61
50
55
63
64
54
42
40
45
46
45
47
55
67
76
79
79
77
79
82
84
83
79
74
70
61
59
58
58
51
39
29
26
26
22
21
24
23
19
15
14
10
9
7
6
6
7
9
10
8
8
8
8
8
8
8
8
12
12
12
12
12
12
12
12
11
11
10
10
10
9
9
9
11
10
10
10
9
9
9
9
9
9
9
9
9
9
9
9
9
9
9
8
8
7
7
7
9
9
9
9
9
9
9
9
51
52
51
50
49
48
48
48
47
54
61
61
49
37
39
48
47
44
44
49
60
69
73
73
70
74
78
77
72
68
68
70
59
57
57
58
53
40
30
26
18
15
14
15
15
14
13
12
11
10
8
7
6
6
7
7
8
8
8
9
9
9
10
10
12
12
12
12
12
12
12
12
11
11
11
11
10
10
9
9
10
10
10
9
9
9
8
8
8
8
8
8
8
8
8
8
9
9
8
8
8
7
7
7
8
8
8
8
8
8
8
8
45
44
44
44
44
44
43
42
47
49
52
52
44
38
42
50
50
48
47
46
48
54
62
67
64
68
71
66
59
56
60
65
66
60
57
56
51
40
31
27
23
20
17
14
14
16
15
14
10
9
8
7
7
6
6
6
8
8
8
9
9
10
10
10
12
12
12
12
12
12
12
12
13
13
12
12
11
11
11
11
10
10
9
9
9
8
8
8
8
8
8
8
8
8
8
8
9
9
9
8
8
8
7
7
8
8
8
8
8
8
8
8
41
38
36
38
42
44
42
39
43
40
39
40
38
36
39
45
48
49
49
45
41
44
52
60
72
76
78
73
66
63
67
73
71
63
55
52
48
38
30
26
19
18
14
9
8
10
9
5
7
7
7
7
7
7
7
7
5
5
6
6
7
8
8
9
12
12
12
12
12
12
12
12
13
13
13
12
12
12
11
11
9
9
9
9
8
8
8
7
7
7
7
7
7
7
7
7
9
9
9
8
8
7
7
7
7
7
7
7
7
7
7
7
36
30
26
30
38
42
38
32
35
31
31
33
32
30
32
36
42
45
46
44
42
43
48
53
71
77
82
83
79
78
81
86
74
65
58
57
54
47
41
38
24
27
26
21
20
20
15
7
11
11
11
10
9
8
7
6
4
4
5
5
6
7
8
8
12
12
12
12
12
12
12
12
12
12
12
11
11
11
10
10
9
9
9
8
8
8
7
7
7
7
7
7
7
7
7
7
8
7
7
7
6
6
6
5
7
7
7
7
7
7
7
7
31
23
18
22
32
37
32
24
29
27
29
31
30
25
26
30
36
39
42
44
45
46
47
48
52
60
71
77
79
80
82
85
76
68
64
66
67
63
58
55
47
52
54
51
50
49
40
30
21
20
18
16
13
9
6
5
5
5
6
7
8
9
9
10
12
12
12
12
12
12
12
12
11
11
11
10
10
9
9
9
9
9
9
8
8
7
7
7
7
7
7
7
7
7
7
7
6
6
5
5
5
4
4
4
7
7
7
7
7
7
7
7
23
25
23
20
22
28
26
19
22
24
23
19
20
24
26
24
36
32
35
43
43
37
41
53
59
68
78
82
80
78
80
83
72
75
83
93
98
98
95
93
89
97
108
119
130
131
114
93
68
68
62
49
32
19
13
13
14
17
15
10
8
9
9
6
11
9
11
14
13
9
9
12
10
10
10
10
10
10
11
11
8
8
8
7
7
6
6
6
4
5
5
6
6
5
5
4
5
5
5
6
6
7
7
7
7
7
7
6
6
5
5
5
23
25
23
21
23
28
26
20
19
22
22
19
21
27
30
29
36
32
34
41
41
37
43
56
60
65
72
78
80
75
67
61
51
60
75
92
104
111
116
120
136
141
148
156
165
164
148
129
106
99
87
75
65
55
46
40
40
41
36
27
20
18
15
11
9
7
7
10
9
7
8
12
9
9
9
9
9
9
10
10
8
8
7
7
7
6
6
6
4
5
5
6
6
5
5
4
5
5
5
6
6
6
7
7
7
7
6
6
6
5
5
5
20
22
20
18
20
23
22
18
17
20
21
19
23
30
35
34
36
32
33
38
38
38
46
59
72
69
69
75
82
80
69
59
63
76
94
109
120
128
137
143
150
149
148
150
154
150
135
118
113
100
85
79
80
79
71
62
61
62
57
45
35
30
25
21
17
12
9
9
7
5
6
10
8
8
8
8
8
8
8
8
8
7
7
7
6
6
6
6
4
4
5
5
5
5
4
4
5
5
5
5
6
6
6
7
7
6
6
6
5
5
5
5
15
16
15
15
15
16
16
15
18
21
21
20
23
32
37
37
36
32
32
35
36
39
49
62
81
74
68
70
79
84
81
77
87
103
121
130
134
141
150
156
161
153
144
140
139
132
116
102
102
88
73
69
74
76
71
64
64
66
62
51
41
37
35
32
33
24
16
12
9
5
5
9
8
8
7
7
7
7
6
6
7
7
7
6
6
6
5
5
3
4
5
5
5
5
4
3
4
4
5
5
5
6
6
6
6
6
6
5
5
5
4
4