112
92
156
156
151
145
146
152
152
146
147
142
138
134
130
127
127
129
121
119
113
107
104
106
109
109
98
96
93
88
83
78
74
72
64
56
46
39
36
34
32
30
26
23
19
19
20
20
17
14
14
15
14
13
12
12
14
16
17
17
16
16
16
17
17
18
23
20
18
17
17
18
17
15
14
16
18
17
15
14
15
18
15
15
15
15
15
16
17
18
20
19
17
16
16
17
19
20
16
16
16
17
17
18
18
18
16
16
16
15
15
14
14
14
153
159
159
148
140
142
147
150
149
146
143
139
136
132
130
130
124
123
119
116
116
118
121
122
102
103
103
98
91
84
80
78
69
62
52
43
39
36
32
30
28
24
21
20
20
19
16
13
16
16
15
13
12
13
14
16
19
19
18
18
19
19
20
20
22
20
17
16
17
17
17
15
14
17
18
17
15
14
16
18
16
16
15
15
16
17
18
18
18
18
16
16
16
16
18
18
16
16
16
16
16
16
17
17
16
16
16
15
15
15
14
14
155
159
158
149
143
144
148
150
151
151
149
145
142
140
137
136
132
131
129
129
129
130
132
133
118
121
121
114
101
90
85
84
78
71
61
52
44
39
34
32
32
29
26
23
22
20
17
15
19
18
16
14
14
14
15
16
20
20
21
21
22
22
23
23
22
20
17
16
17
17
17
16
15
17
18
17
16
15
16
18
17
17
16
16
16
17
18
19
17
17
16
16
16
16
17
17
16
16
16
16
16
16
15
15
16
16
16
16
15
15
15
14
161
157
152
151
154
156
153
149
154
155
152
148
146
147
147
145
142
140
139
140
140
137
137
139
139
141
139
127
110
96
91
91
89
83
73
63
53
45
39
36
37
35
31
28
26
24
23
22
22
20
18
16
17
17
17
17
20
21
22
23
24
25
25
25
23
20
17
16
17
18
18
18
16
17
17
17
17
16
17
17
18
17
17
16
17
17
18
18
17
17
17
17
17
17
17
17
17
17
17
17
16
16
16
16
17
17
16
16
16
15
15
15
162
160
160
160
160
157
154
153
158
159
156
149
149
154
157
155
148
144
144
148
147
143
142
146
151
152
148
135
118
105
102
103
99
94
86
75
63
53
46
43
39
38
35
31
28
27
27
28
26
23
20
19
21
22
21
20
20
21
23
25
26
27
27
27
24
21
17
16
17
19
20
20
18
17
17
17
17
18
17
17
18
18
17
16
16
16
17
17
17
17
18
18
18
18
17
17
18
18
18
18
18
17
17
17
17
17
17
16
16
16
15
15
159
164
169
166
155
147
152
163
163
166
163
155
154
161
163
159
147
141
142
148
149
145
145
151
149
150
148
139
126
117
115
116
107
104
97
86
73
62
55
52
43
42
38
33
29
27
28
29
29
25
22
22
25
27
27
25
20
22
24
27
29
30
30
29
26
23
19
17
19
21
23
23
19
17
16
17
18
19
18
16
18
17
16
15
15
15
16
16
16
16
17
17
17
17
16
16
16
16
16
17
17
18
18
18
18
17
17
17
16
16
16
16
161
157
154
154
151
150
157
166
168
174
173
164
162
166
164
156
143
136
135
142
143
137
138
146
143
145
146
142
135
127
121
119
112
111
106
95
82
70
63
61
52
51
47
39
32
29
29
31
31
27
23
25
29
32
31
29
21
23
27
30
32
33
33
32
28
24
20
19
20
23
25
26
20
17
16
17
19
20
18
16
17
16
15
14
14
14
14
14
13
13
15
15
15
15
13
13
12
12
13
14
15
17
17
18
18
18
17
17
17
16
16
16
167
144
128
135
154
164
165
164
171
180
181
172
169
170
163
152
141
132
129
135
133
126
126
134
140
143
146
146
141
131
121
115
115
114
110
100
87
75
69
66
62
60
55
46
37
32
32
34
32
28
24
26
32
35
34
32
23
25
29
32
35
36
35
35
29
25
21
19
21
24
27
28
20
18
16
17
19
20
19
16
16
15
14
13
13
13
13
13
10
11
12
13
13
12
11
10
9
9
10
12
14
15
16
17
18
18
18
17
17
16
16
16
121
115
118
137
156
164
165
166
170
167
162
158
155
152
148
145
122
120
117
117
119
121
122
122
123
136
146
142
134
127
118
109
111
108
102
97
90
83
74
69
60
57
54
51
47
43
38
34
33
30
27
27
29
32
34
35
31
31
31
33
37
39
39
39
33
29
24
23
24
27
29
30
26
25
23
20
18
16
15
15
13
13
12
11
10
10
10
11
10
10
11
11
11
10
9
9
8
9
10
11
13
14
16
16
16
18
20
22
21
19
16
14
125
115
119
144
172
181
171
160
156
148
136
125
118
113
109
107
106
103
100
100
104
110
114
116
107
117
122
116
109
104
99
94
103
103
102
98
91
83
75
70
64
61
57
53
51
48
44
41
36
33
29
27
29
31
32
32
32
31
31
34
37
40
40
39
37
33
29
27
29
32
34
34
30
28
25
22
19
17
16
15
11
10
9
9
8
8
8
9
6
6
7
8
8
7
7
6
5
5
6
7
8
9
10
11
13
15
17
19
20
19
18
17
138
136
144
164
180
176
156
139
114
106
94
84
78
76
76
76
73
69
66
66
70
77
83
86
81
86
89
85
81
82
84
84
78
82
85
83
76
69
63
61
63
60
55
52
50
49
47
45
41
38
33
31
31
31
31
30
32
31
31
34
38
40
40
40
38
35
31
30
31
34
35
36
28
26
23
19
15
13
11
10
9
8
7
6
6
6
7
7
4
5
6
7
8
8
8
7
5
5
6
6
7
7
7
7
11
11
13
15
17
19
20
20
166
171
175
170
151
125
103
91
75
71
67
66
66
67
68
67
60
56
52
50
52
55
58
59
52
56
58
59
60
65
70
74
61
66
70
69
62
57
57
59
63
59
55
52
52
52
52
51
48
44
39
36
34
33
32
30
31
30
30
33
36
38
38
38
35
32
29
28
29
32
33
33
28
26
23
19
15
12
9
8
7
7
6
6
6
6
6
7
7
7
9
10
11
12
12
12
11
11
10
10
10
10
10
10
11
11
11
12
14
16
19
21
180
174
158
129
97
72
58
52
67
70
75
81
85
85
80
77
67
63
58
54
51
48
45
42
43
44
46
49
50
51
54
57
61
65
67
65
60
59
64
69
67
64
60
59
60
61
62
61
54
50
45
40
37
35
31
29
29
28
28
29
32
34
33
32
31
28
25
25
26
28
29
29
31
29
26
22
19
16
14
13
8
7
7
6
7
7
8
8
9
10
11
13
14
14
14
14
15
15
14
14
14
13
13
13
13
12
11
11
12
14
16
18
151
133
105
82
74
76
76
73
84
90
101
112
118
117
111
105
98
94
89
83
78
71
64
59
64
61
62
63
61
56
53
54
63
64
64
62
60
62
68
73
71
68
67
67
69
71
72
72
65
60
53
47
41
36
30
26
26
25
24
24
26
27
26
24
26
24
21
21
22
24
24
24
23
22
20
17
15
13
12
12
8
8
7
7
7
8
9
10
9
9
11
12
12
13
12
12
14
14
14
14
13
13
13
13
14
14
12
12
12
13
14
16
121
113
102
98
108
124
130
127
122
126
132
139
142
140
133
128
128
124
118
112
107
102
97
94
85
81
81
84
83
77
74
76
72
72
71
71
72
74
77
79
82
81
81
83
87
89
89
88
83
77
68
59
50
41
32
27
23
21
20
19
20
20
18
16
18
16
14
14
16
17
17
16
11
10
9
7
6
6
6
6
7
7
7
7
7
8
9
10
10
10
11
12
12
11
11
10
12
12
12
12
12
12
13
13
13
13
13
13
13
14
15
15
121
135
147
151
154
160
161
158
163
162
159
155
150
142
133
127
112
107
100
95
92
90
89
87
88
84
85
93
96
94
94
98
92
91
91
93
95
97
97
97
99
99
100
103
107
109
109
108
99
92
82
70
58
47
36
30
21
19
17
16
16
15
13
11
11
9
7
7
9
10
9
8
6
6
5
5
5
5
6
6
6
6
6
6
7
8
9
9
12
12
13
13
13
12
11
11
11
11
11
12
12
13
13
13
12
12
13
14
15
15
16
16
179
182
187
188
187
184
182
181
175
169
163
160
158
150
137
126
111
109
94
104
93
77
87
69
69
69
69
67
63
65
74
84
84
92
104
111
107
99
99
104
115
128
130
127
133
135
133
138
134
118
97
84
74
60
38
21
20
19
17
15
13
11
9
8
9
9
8
8
7
6
5
5
7
6
6
5
5
4
4
4
4
4
4
4
5
6
7
7
9
9
9
9
9
10
10
10
13
13
13
12
12
12
11
11
12
12
13
14
14
15
16
16
196
196
196
196
196
195
191
188
172
178
180
170
150
133
127
127
107
109
90
82
62
50
62
45
35
33
32
31
30
32
35
38
40
45
54
62
64
65
74
85
119
141
151
148
148
147
152
164
147
130
108
90
75
57
37
23
19
19
17
15
13
11
9
9
9
8
8
7
6
5
5
4
5
5
4
4
3
3
3
2
4
4
4
4
4
5
6
7
4
4
4
5
5
5
6
6
9
9
10
10
11
11
12
12
12
12
13
13
14
15
16
16
206
200
194
192
193
190
181
173
175
167
158
149
140
126
107
93
95
88
69
62
52
46
40
7
18
16
15
16
17
18
14
11
11
12
16
24
31
42
60
77
106
137
161
170
174
170
165
171
175
158
131
103
77
54
35
23
19
18
17
15
13
11
10
9
8
7
7
6
5
4
4
3
3
3
3
3
2
2
2
2
4
4
3
3
4
4
5
6
6
7
7
7
8
8
9
9
5
6
7
8
9
10
11
12
12
12
12
13
14
15
15
16
198
190
184
184
187
182
168
156
147
134
116
100
93
98
109
117
108
106
100
82
47
27
29
23
17
21
24
25
25
24
19
14
15
12
12
16
24
37
58
76
92
122
150
173
196
204
201
203
205
187
155
117
80
51
32
24
18
18
17
15
13
11
10
10
7
7
6
5
4
4
3
3
3
3
3
3
2
2
2
2
4
4
3
3
3
3
4
5
8
8
9
10
10
11
12
12
6
6
7
7
8
9
10
10
11
11
12
13
14
14
15
15
186
182
180
182
182
173
156
142
129
101
86
109
150
160
126
85
85
52
36
29
18
15
14
16
9
21
30
29
26
25
23
19
22
17
14
16
19
27
42
56
119
146
166
177
192
200
205
216
214
196
162
119
78
48
31
25
18
17
16
15
13
12
11
10
7
7
6
5
4
4
3
3
3
3
3
3
4
4
4
4
4
3
2
2
2
2
3
3
2
2
3
4
5
6
6
7
8
8
8
8
8
8
8
8
11
11
12
12
13
14
15
15
182
181
178
172
159
139
117
102
54
93
135
141
113
79
62
60
64
29
19
14
11
12
0
0
6
21
32
30
26
27
27
23
21
16
12
12
12
14
22
31
88
131
168
182
184
181
184
198
198
180
148
108
70
43
30
26
17
17
16
15
13
12
11
11
8
7
7
6
5
4
4
3
3
3
3
3
4
4
4
4
3
3
2
1
1
1
1
2
0
0
0
1
3
4
5
5
9
8
8
8
7
7
6
6
10
11
11
12
13
14
14
14
177
178
175
160
136
109
87
75
111
121
118
92
61
56
84
115
136
143
152
92
22
1
0
15
11
23
30
27
27
31
30
23
16
11
9
10
10
10
15
22
21
71
123
159
182
187
188
196
178
161
130
94
61
38
27
24
17
16
16
15
13
12
12
11
9
8
8
7
6
5
5
4
1
1
2
2
3
3
3
4
3
3
2
1
0
0
1
1
2
2
3
4
6
7
8
8
5
5
5
5
6
6
6
6
10
10
11
12
13
13
14
14
168
173
174
160
135
111
96
90
92
74
48
29
33
66
114
149
208
191
162
71
10
16
8
1
10
19
22
18
21
29
25
14
11
8
7
10
12
13
17
24
48
73
100
131
167
184
180
178
169
151
121
86
55
34
24
20
17
16
16
15
13
12
12
11
9
9
8
8
7
6
5
5
0
0
0
1
1
2
2
2
3
2
1
0
0
0
0
0
1
2
3
4
6
7
8
8
1
1
2
3
4
5
6
7
10
10
11
12
12
13
14
14
177
182
176
157
135
120
107
97
62
64
71
78
75
66
63
66
98
123
74
8
5
12
4
14
11
11
12
13
15
16
17
17
17
16
11
11
11
6
23
58
78
96
120
139
154
166
172
172
166
144
110
76
50
33
22
17
17
16
15
15
14
13
12
12
11
11
10
9
8
6
5
4
4
3
3
2
2
3
3
4
4
3
3
3
3
4
5
6
5
5
5
6
6
6
7
7
8
8
8
8
8
8
8
8
10
11
11
12
13
14
15
16
168
172
168
150
129
113
100
90
98
107
125
140
137
116
95
84
66
85
69
45
48
41
25
30
21
20
19
18
17
17
17
18
13
14
12
17
22
21
39
73
93
109
127
141
151
159
161
159
147
125
92
61
40
28
21
19
16
16
15
14
13
13
12
12
11
11
10
10
8
7
5
4
4
4
3
2
2
3
4
4
4
4
3
3
4
5
6
6
7
7
7
7
8
8
8
9
10
10
10
10
10
10
10
10
11
12
12
13
13
14
15
15
173
176
172
158
140
126
115
107
123
135
158
181
188
174
153
138
127
115
100
90
75
52
37
36
35
33
29
25
22
20
20
20
16
17
17
24
33
36
55
87
97
111
127
139
149
157
158
156
142
120
86
55
34
23
18
16
15
15
15
14
13
13
12
12
11
11
11
10
9
8
6
5
5
4
3
3
3
3
4
5
5
5
4
4
5
5
6
7
8
9
9
9
10
10
10
10
13
13
13
13
13
13
13
13
13
13
13
13
13
14
14
14
173
174
170
161
150
143
138
135
137
141
153
172
188
193
187
181
171
139
122
112
88
71
66
59
45
42
36
31
27
25
25
26
26
26
23
27
37
43
61
90
97
109
124
136
146
154
154
151
132
112
81
53
33
23
17
14
15
14
14
13
13
12
12
12
11
11
11
11
10
9
7
6
5
5
4
4
4
4
5
5
6
6
5
5
6
7
8
8
9
9
9
10
10
11
11
11
14
14
14
14
14
14
14
14
14
14
14
14
14
13
13
13
154
151
147
144
142
142
145
149
156
153
152
159
169
175
172
165
150
127
121
113
88
81
75
51
49
46
41
35
32
30
31
31
33
32
26
28
40
47
64
89
103
113
125
134
141
146
142
136
105
89
66
45
32
24
19
16
14
13
13
13
13
12
12
12
11
12
12
12
11
10
9
8
6
6
5
5
5
5
6
6
7
7
7
7
7
8
9
9
9
9
9
10
10
11
11
11
14
14
14
14
14
14
14
14
15
15
15
14
14
14
14
14
137
133
130
133
137
141
149
156
162
162
160
160
160
155
141
126
125
112
107
93
71
71
65
38
49
46
42
38
34
33
33
33
32
33
28
33
48
58
72
93
101
111
123
133
140
143
138
129
95
81
60
42
29
21
15
11
13
13
13
12
12
12
12
12
12
12
12
12
12
11
10
9
7
7
6
5
5
6
7
7
9
8
8
8
8
9
10
11
10
10
10
10
11
11
11
12
14
14
14
14
14
14
14
14
14
14
14
15
15
15
15
15
130
126
126
133
139
142
149
156
153
154
153
148
144
137
122
106
98
90
83
74
64
67
68
57
47
45
42
39
35
33
31
31
29
34
35
44
62
72
81
96
102
112
124
134
141
142
134
123
97
82
60
40
27
18
13
9
12
12
12
12
12
12
12
12
12
12
13
13
12
12
11
10
8
7
6
6
6
6
7
8
9
9
9
9
9
10
11
12
11
12
12
12
13
13
13
13
15
15
15
15
15
15
15
15
13
13
14
15
15
16
16
17
122
118
120
129
135
137
140
146
148
146
137
126
120
119
112
102
94
88
84
80
71
58
48
43
46
45
42
39
35
32
29
28
29
38
42
54
74
82
86
97
115
123
133
138
140
136
122
108
87
72
50
33
23
19
17
16
12
12
12
12
12
12
12
12
12
12
13
13
13
12
11
11
8
7
7
6
6
7
7
8
10
10
9
9
10
10
11
12
13
13
14
14
14
15
15
15
16
16
16
16
16
16
16
16
12
13
14
15
16
17
17
18
118
119
119
117
118
122
130
136
132
132
131
128
122
114
106
102
94
86
76
69
65
60
53
47
43
41
37
35
34
34
36
38
43
46
55
67
74
79
91
105
118
130
140
142
135
123
106
92
82
69
49
33
22
16
12
9
13
13
13
13
13
13
13
13
15
14
14
13
13
12
12
11
11
11
10
10
10
9
9
9
7
8
9
9
10
11
12
12
14
13
13
13
13
14
15
16
15
15
15
16
16
17
17
17
14
14
14
15
15
15
16
16
109
109
109
107
108
112
120
127
120
121
121
119
114
108
102
98
89
81
72
66
63
58
52
47
45
43
41
39
39
41
43
45
49
52
62
74
82
89
102
116
126
134
139
136
127
114
98
85
75
62
45
30
21
17
13
11
13
13
13
13
13
13
13
13
14
14
13
13
13
13
12
12
12
12
11
11
10
10
10
10
8
8
9
10
11
11
12
12
14
13
13
13
13
14
15
16
15
15
15
16
16
16
17
17
14
15
15
15
16
16
16
17
108
106
102
99
97
100
106
111
105
106
107
106
103
99
94
91
81
75
67
62
59
55
50
46
45
44
43
43
45
48
51
53
55
58
67
78
89
100
115
128
136
139
137
128
116
104
89
77
66
54
39
26
20
17
15
13
12
12
12
12
12
12
12
12
12
12
13
13
13
13
14
14
13
13
12
12
12
11
11
11
9
9
9
10
11
11
12
12
13
13
13
13
13
14
15
15
15
15
15
15
16
16
16
17
15
16
16
16
17
17
17
18
117
113
106
99
94
94
96
98
95
95
96
95
92
88
84
81
72
67
61
57
55
52
49
46
44
44
44
45
48
52
55
57
58
61
67
76
89
106
124
137
144
143
135
122
110
99
86
74
60
50
35
24
18
16
14
13
12
12
12
12
12
12
12
12
11
12
12
13
13
14
14
15
14
14
14
13
13
12
12
12
9
10
10
11
11
12
12
12
13
13
12
12
13
13
14
15
14
14
15
15
15
16
16
16
16
16
17
17
17
18
18
18
124
119
110
103
97
95
94
93
91
91
90
88
84
79
75
72
65
62
57
54
51
50
48
46
46
47
47
49
52
55
58
60
62
64
68
75
90
111
130
142
144
141
133
120
110
100
88
76
60
50
35
24
18
16
13
11
12
12
12
12
12
12
12
12
11
12
12
13
13
14
14
15
14
14
14
14
13
13
12
12
10
11
11
11
11
12
12
12
13
12
12
12
12
13
14
15
14
14
14
15
15
15
16
16
16
16
17
17
17
18
18
18
125
120
113
107
103
100
97
94
92
91
88
84
79
73
68
65
61
59
55
52
49
48
47
47
52
53
53
54
56
58
60
61
64
69
74
82
97
118
135
143
136
134
128
119
111
103
90
77
62
52
38
27
20
17
13
11
13
13
13
13
13
13
13
13
12
12
13
13
13
13
14
14
14
14
14
13
13
12
12
12
11
11
11
12
12
12
12
12
12
12
11
11
12
13
14
14
13
14
14
14
15
15
15
15
15
16
16
16
17
17
17
18
128
124
118
114
110
105
99
95
91
90
87
82
76
70
65
62
59
58
55
52
49
47
47
48
56
56
56
56
56
56
56
57
63
72
82
92
108
126
136
138
125
125
122
117
112
104
88
74
64
54
40
30
24
20
16
13
14
14
14
14
14
14
14
14
14
14
13
13
13
13
12
12
13
13
13
13
12
12
12
11
12
12
12
12
12
12
12
12
12
12
11
11
12
12
13
14
13
13
14
14
14
15
15
15
14
15
15
15
16
16
16
17
135
131
125
120
115
108
100
93
90
89
85
81
75
69
64
62
59
58
56
52
49
47
48
49
57
56
55
54
53
52
52
51
60
72
86
99
114
129
134
131
117
118
118
115
111
103
86
70
64
55
42
31
26
22
19
16
15
15
15
15
15
15
15
15
15
14
14
13
13
12
12
11
13
13
12
12
12
11
11
11
12
12
12
12
12
12
12
12
12
11
11
11
11
12
13
14
13
13
13
14
14
15
15
15
14
14
14
15
15
15
16
16
135
132
127
120
114
109
105
103
94
89
82
76
72
70
67
65
56
56
54
50
46
45
48
52
54
53
53
52
52
53
54
54
64
67
73
96
130
139
125
118
119
127
135
137
130
114
94
78
70
53
46
41
28
22
21
16
11
12
14
15
16
17
17
17
18
17
15
13
11
10
10
10
14
14
14
14
14
13
11
11
12
12
12
12
12
12
12
12
11
11
11
12
12
13
13
13
13
13
13
14
14
15
15
15
15
15
15
16
16
17
17
17
142
137
131
125
121
117
112
108
98
93
85
78
73
67
62
59
55
55
53
49
45
45
48
52
53
53
52
52
52
53
54
54
60
65
74
98
126
130
121
122
156
163
162
152
145
137
118
95
74
57
49
44
31
25
25
19
16
16
17
17
17
17
16
16
18
17
15
14
12
11
11
11
13
14
14
14
13
13
12
11
12
12
12
12
12
12
12
12
11
11
11
12
12
13
13
13
13
13
13
14
14
15
15
15
15
15
15
16
16
16
17
17
153
146
136
130
126
121
113
106
101
96
90
83
77
71
64
60
55
54
52
49
47
46
49
51
52
51
51
51
51
52
53
54
61
66
77
101
123
123
124
138
161
184
195
189
188
184
150
108
84
66
56
50
37
31
29
22
19
18
18
17
16
15
14
14
17
17
16
15
14
13
12
12
13
13
13
14
13
12
12
11
12
12
12
12
12
12
12
12
11
11
11
12
12
13
13
13
13
13
13
14
14
15
15
15
15
15
15
15
16
16
16
17
170
159
146
138
133
126
114
104
100
96
92
88
84
79
73
69
57
56
54
51
50
49
51
52
50
50
49
49
50
51
52
52
60
63
74
98
121
126
137
162
189
203
198
179
184
201
187
153
102
81
68
59
44
35
31
23
18
17
16
14
13
13
12
12
16
16
16
16
15
14
14
13
12
12
13
13
13
12
12
11
12
12
12
12
12
12
12
12
11
11
11
12
12
13
13
13
13
13
13
14
14
15
15
15
14
14
15
15
15
16
16
16
179
168
155
146
141
133
121
112
100
97
93
90
86
82
77
73
61
60
57
55
54
53
53
52
49
48
48
47
47
48
48
49
53
56
66
95
130
147
163
187
200
208
198
178
182
202
199
177
124
100
82
69
51
39
31
21
17
16
14
13
13
13
13
14
14
15
16
16
16
15
14
14
11
11
12
13
13
12
12
11
12
12
12
12
12
12
12
12
11
11
11
12
12
13
13
13
13
13
13
14
14
15
15
15
14
14
14
15
15
15
16
16
173
164
154
147
142
135
126
119
105
101
95
90
85
79
74
70
66
63
59
57
56
55
53
51
48
47
46
45
44
43
44
44
50
54
66
104
156
183
189
196
171
175
174
169
173
186
191
187
143
117
95
79
57
42
32
19
17
16
14
13
12
12
13
14
12
13
15
16
16
16
14
13
10
10
11
12
12
12
12
11
12
12
12
12
12
12
12
12
11
11
11
12
12
13
13
13
13
13
13
14
14
15
15
15
13
14
14
14
15
15
15
15
168
163
155
148
142
136
129
125
113
108
100
92
86
80
75
71
68
65
60
58
57
55
51
48
47
46
44
42
41
40
39
39
46
53
68
112
176
205
188
166
136
113
89
78
82
106
151
191
156
128
104
85
62
46
34
20
16
14
11
9
7
7
7
8
10
11
14
15
16
15
14
13
9
10
11
12
12
12
12
12
12
12
12
12
12
12
12
12
11
11
11
12
12
13
13
13
13
13
13
14
14
15
15
15
13
13
14
14
14
15
15
15
176
173
166
157
149
141
135
133
119
113
104
96
90
85
80
77
69
65
60
58
57
54
49
45
47
46
43
41
39
37
36
36
38
47
63
110
178
203
166
122
78
45
16
7
5
22
77
135
162
133
108
89
65
49
36
21
14
11
7
3
1
0
0
0
9
10
13
15
16
15
13
12
9
9
10
11
12
12
12
12
12
12
12
12
12
12
12
12
11
11
11
12
12
13
13
13
13
13
13
14
14
15
15
15
13
13
13
14
14
15
15
15
189
185
175
164
155
147
139
133
121
115
100
81
73
76
79
77
70
66
61
58
57
55
53
50
49
47
46
43
35
29
32
39
43
45
53
89
153
189
148
80
43
30
25
19
11
40
106
158
148
141
125
103
78
55
33
18
11
10
9
6
4
1
0
0
2
4
7
10
12
13
13
13
7
8
9
9
10
11
12
12
11
11
11
11
11
11
11
11
12
12
12
12
12
12
12
12
15
15
15
16
16
17
17
17
14
14
14
15
15
16
16
16
197
189
178
169
163
155
145
136
128
117
96
74
64
69
75
76
71
71
70
66
60
55
52
52
47
45
44
42
36
31
34
41
36
53
57
64
112
163
148
95
62
32
18
30
57
106
164
198
174
167
150
122
89
59
36
24
15
14
11
8
6
4
4
3
4
6
8
9
11
11
10
10
8
8
9
10
11
12
12
12
11
11
11
11
11
11
11
11
12
12
12
12
12
12
12
12
14
14
14
14
15
15
16
16
14
14
14
15
15
16
16
16
202
192
182
176
172
164
152
143
137
126
106
86
76
76
77
76
71
74
75
71
62
54
51
51
44
42
41
40
36
33
37
45
45
59
58
51
74
117
132
119
86
61
59
86
121
154
175
177
166
164
155
134
102
69
44
32
17
15
12
9
8
7
7
7
6
7
8
9
9
9
8
8
9
9
10
10
11
12
12
13
11
11
11
11
11
11
11
11
12
12
12
12
12
12
12
12
12
12
13
13
14
14
14
14
14
14
15
15
15
15
16
16
194
187
180
177
173
165
156
151
144
138
127
116
106
97
87
80
73
73
70
66
59
53
50
49
40
37
36
38
37
36
42
50
60
55
55
58
60
69
95
121
120
116
132
156
164
164
158
145
131
130
128
119
98
67
40
25
14
13
12
11
10
8
7
6
6
7
7
8
8
8
8
8
10
10
11
11
12
12
13
13
11
11
11
11
11
11
11
11
12
12
12
12
12
12
12
12
12
13
13
13
14
14
14
15
15
15
15
15
15
15
15
15
177
172
170
170
166
158
154
156
150
143
136
130
122
110
96
86
81
73
64
60
59
57
53
48
37
34
34
37
40
42
49
57
65
59
62
67
59
50
66
93
119
121
137
150
147
144
143
137
111
99
89
83
72
49
25
12
12
14
15
16
14
11
7
5
5
6
6
7
8
10
11
11
12
12
12
12
13
13
13
13
11
11
11
11
11
11
11
11
12
12
12
12
12
12
12
12
13
14
14
14
15
15
15
16
15
15
15
15
15
15
15
15
169
162
159
163
162
156
155
160
156
144
131
123
117
107
98
93
90
79
66
61
62
62
56
50
39
35
35
40
46
51
59
68
70
79
83
75
66
67
71
73
93
91
105
120
124
130
131
122
101
76
53
46
43
35
25
21
16
17
19
19
17
14
10
7
7
7
7
8
9
11
12
13
13
13
13
13
13
13
13
13
11
11
11
11
11
11
11
11
12
12
12
12
12
12
12
12
14
14
14
14
15
15
16
16
16
16
15
15
15
15
14
14
181
165
157
164
171
168
165
166
166
148
130
121
115
106
100
99
95
86
75
68
65
61
54
48
43
39
39
46
54
61
70
79
80
88
88
80
77
82
85
82
94
93
106
120
124
126
120
104
87
59
34
27
28
26
28
34
21
20
18
16
14
12
10
10
10
10
9
9
9
11
12
13
14
14
14
14
14
14
14
14
11
11
11
11
11
11
11
11
12
12
12
12
12
12
12
12
12
12
13
13
14
14
14
14
16
16
16
15
15
14
14
14
198
175
161
170
184
183
176
173
173
155
138
129
123
113
104
102
94
89
82
73
65
56
49
45
46
42
42
50
59
68
77
86
88
77
74
81
82
78
85
99
96
95
103
105
98
97
96
86
79
55
33
27
23
18
20
28
23
20
15
10
8
7
9
10
14
13
11
10
9
10
11
12
14
14
14
14
14
14
14
14
11
11
11
11
11
11
11
11
12
12
12
12
12
12
12
12
11
11
11
12
12
13
13
13
16
16
16
15
15
14
14
14
198
189
194
177
183
191
169
181
177
161
145
137
132
122
111
104
94
93
93
88
70
51
43
47
50
54
56
59
68
81
84
79
79
84
88
87
82
79
81
84
82
82
85
91
94
89
81
76
62
44
26
18
13
10
16
26
26
22
19
16
13
10
10
11
11
10
10
10
11
12
13
13
12
13
14
15
15
15
15
14
14
14
14
14
14
14
14
14
12
13
13
14
14
13
13
12
13
12
11
10
10
11
12
13
14
14
14
14
14
14
14
14
185
192
196
187
193
197
183
186
173
158
143
137
135
127
118
112
97
94
92
85
71
56
51
55
54
61
68
73
81
90
92
88
75
75
76
78
79
80
81
81
73
72
76
82
86
84
78
73
52
37
24
20
17
13
17
26
20
19
18
15
10
7
7
9
10
10
9
9
10
11
12
12
11
12
13
14
14
14
14
13
14
14
14
14
14
14
14
14
12
13
13
14
14
13
13
12
14
13
12
11
11
12
13
14
14
14
14
14
14
14
14
14
170
194
191
189
193
188
183
171
174
161
148
141
135
124
114
110
99
94
87
80
71
63
61
64
67
75
82
85
85
85
81
77
77
71
66
66
70
72
71
68
75
75
76
78
81
79
73
67
40
27
18
17
15
10
12
19
21
25
26
21
13
9
10
13
9
9
8
8
8
9
10
11
10
10
11
12
13
13
12
12
13
13
13
13
13
13
13
13
12
13
13
14
14
13
13
12
15
14
14
13
13
14
14
15
14
14
14
14
14
14
14
14
184
213
198
198
200
188
186
162
161
156
152
146
134
120
112
112
100
94
85
77
72
69
70
72
75
82
88
87
82
75
70
68
75
69
63
62
66
69
71
70
82
81
79
76
75
73
65
57
39
26
17
15
12
7
7
14
27
33
35
26
16
11
12
14
9
8
8
7
7
8
9
9
8
9
10
11
11
11
11
10
12
12
12
12
12
12
12
12
12
13
13
14
14
13
13
12
15
15
15
15
15
15
15
15
14
14
14
14
14
14
14
14
190
213
192
193
198
185
181
156
138
142
148
146
133
120
117
122
103
99
91
82
77
77
79
80
74
78
83
84
80
75
74
76
68
66
63
62
65
71
77
82
76
78
76
72
72
72
65
55
42
28
18
16
13
9
12
20
30
37
37
25
13
9
9
9
9
8
7
7
7
7
8
8
8
8
9
10
10
10
10
10
12
12
12
12
12
12
12
12
12
13
13
14
14
13
13
12
15
15
15
16
16
15
15
15
14
14
14
14
14
14
14
14
190
200
189
188
193
183
175
164
142
146
149
146
132
117
112
116
106
106
102
92
85
84
84
83
77
76
77
79
77
72
71
74
70
67
63
59
57
60
65
69
70
75
77
76
80
86
81
70
40
25
14
13
12
10
15
25
35
41
38
23
12
11
11
8
10
9
8
7
7
7
8
8
7
8
9
10
10
10
10
10
11
11
11
11
11
11
11
11
12
13
13
14
14
13
13
12
14
15
15
16
16
15
15
14
14
14
14
14
14
14
14
14
202
203
207
200
197
186
169
179
169
160
151
143
131
116
106
103
103
110
110
100
89
85
83
80
81
77
77
81
81
75
72
73
79
72
63
58
58
59
59
58
76
83
87
86
90
96
90
78
43
29
19
18
16
14
18
27
37
41
35
20
12
15
15
10
11
10
9
8
8
8
8
8
8
8
9
10
11
11
10
10
10
10
10
10
10
10
10
10
12
13
13
14
14
13
13
12
13
14
15
16
16
15
14
13
14
14
14
14
14
14
14
14
196
191
207
192
179
163
138
163
184
165
147
138
133
123
111
104
99
109
112
102
89
82
79
75
79
75
78
88
94
91
88
89
82
72
63
64
72
78
77
73
83
91
93
89
90
93
84
69
55
42
32
31
28
22
24
31
31
34
26
11
6
12
13
6
11
11
10
9
8
8
8
8
8
9
10
11
11
11
11
10
10
10
10
10
10
10
10
10
12
13
13
14
14
13
13
12
12
13
15
15
15
15
13
12
14
14
14
14
14
14
14
14
183
197
198
193
180
148
142
174
173
166
157
150
144
135
124
115
118
116
102
87
91
105
100
83
92
95
95
93
96
99
93
84
84
91
92
85
81
84
85
83
96
98
97
91
83
79
81
86
80
68
54
46
42
38
29
21
25
21
15
11
10
12
12
12
12
11
10
10
12
12
11
9
10
10
10
10
10
10
10
10
10
10
10
10
10
10
10
10
10
12
13
14
15
14
13
12
12
12
12
13
13
14
14
14
13
13
13
13
13
13
13
13
186
188
179
177
182
166
155
169
157
155
149
137
124
118
120
125
121
113
97
86
93
107
108
99
104
105
99
89
86
92
98
99
111
113
108
98
95
102
109
111
106
102
95
88
82
79
78
77
77
70
60
50
43
36
29
24
21
16
10
6
4
5
5
4
9
8
7
8
10
12
11
10
11
11
11
11
11
11
11
11
10
10
10
10
10
10
10
10
10
11
13
14
14
14
13
13
12
12
12
13
13
14
14
14
13
13
13
13
13
13
13
13
185
185
174
170
180
182
179
185
171
165
152
138
128
126
132
137
124
111
97
93
98
102
101
97
85
94
100
97
95
99
106
111
118
127
135
135
131
124
114
106
106
99
89
84
82
81
77
73
77
75
69
60
50
41
35
33
27
22
16
12
10
10
10
9
7
6
6
7
10
12
12
11
12
12
12
12
12
12
12
12
10
10
10
10
10
10
10
10
11
11
12
13
14
14
13
13
12
12
13
13
13
13
14
14
13
13
13
13
13
13
13
13
177
186
183
169
166
178
195
207
201
182
160
150
150
149
142
134
119
107
103
110
116
111
104
102
100
109
118
122
124
128
135
141
120
133
148
153
144
121
95
76
76
72
68
68
69
70
67
64
67
65
61
55
49
42
36
32
25
21
16
13
12
12
11
11
10
9
8
9
11
13
12
11
12
12
12
12
12
12
12
12
10
10
10
10
10
10
10
10
11
11
12
12
13
13
13
13
13
13
13
13
13
13
13
13
12
12
12
12
12
12
12
12
178
186
184
165
152
167
192
203
199
185
169
161
160
154
139
126
116
107
109
124
133
130
126
128
134
129
124
121
124
132
145
156
139
138
135
127
113
92
73
62
60
63
66
69
70
70
69
68
69
64
59
58
60
57
49
41
33
30
26
25
25
26
26
26
15
13
12
12
13
13
11
10
11
11
11
11
11
11
11
11
10
10
10
10
10
10
10
10
11
11
11
11
12
12
13
13
13
13
13
13
13
13
13
13
12
12
12
12
12
12
12
12
192
184
178
165
156
170
186
184
180
182
181
174
162
150
142
138
127
117
114
122
129
129
130
133
128
122
117
118
120
126
136
146
138
126
111
97
82
66
54
50
52
55
59
61
61
59
58
57
56
50
45
47
53
53
46
38
34
32
29
29
30
32
32
31
15
13
11
11
11
11
9
7
8
8
8
8
8
8
8
8
10
10
10
10
10
10
10
10
11
11
10
10
11
12
13
13
14
14
13
13
13
13
12
12
11
11
11
11
11
11
11
11
186
173
174
174
166
175
185
175
166
171
175
171
160
150
146
145
134
127
120
119
120
119
117
114
112
112
115
119
117
116
123
134
108
95
81
72
62
49
42
41
33
30
27
27
29
29
26
23
20
17
14
15
18
18
14
10
13
11
8
8
9
10
9
8
10
8
6
6
7
7
6
4
5
5
5
5
5
5
5
5
10
10
10
10
10
10
10
10
11
11
10
10
10
11
13
14
14
14
14
13
13
12
12
12
11
11
11
11
11
11
11
11
163
156
171
179
167
169
181
176
158
154
150
149
149
146
138
132
127
127
125
124
124
123
115
106
103
99
94
86
75
73
90
110
89
71
53
44
39
36
39
45
40
30
21
21
27
30
26
20
15
15
14
13
12
11
11
11
12
10
7
6
6
6
5
3
3
2
1
2
3
4
3
2
4
4
4
4
4
4
4
4
10
10
10
10
10
10
10
10
12
11
10
9
10
11
12
14
14
14
14
13
13
12
12
12
11
11
11
11
11
11
11
11
159
187
186
156
156
187
192
167
163
159
163
165
158
156
147
127
105
116
123
119
111
104
98
92
78
69
63
65
67
65
62
61
59
54
47
45
48
52
54
55
52
48
44
42
42
39
34
29
23
27
24
15
11
13
13
10
17
13
10
9
11
11
8
4
8
8
7
6
5
4
4
3
5
4
3
1
1
1
2
3
5
6
7
8
10
11
12
13
11
10
9
10
12
13
12
11
16
15
13
12
11
12
13
13
13
12
11
10
10
10
10
11
147
158
162
157
156
166
176
179
184
177
175
167
157
160
165
157
129
112
98
97
96
88
82
81
68
52
37
30
29
31
35
39
53
56
59
61
63
67
74
80
71
66
59
54
50
45
37
31
29
30
25
17
14
17
17
14
18
15
11
8
8
9
10
9
9
9
9
8
7
7
6
6
6
5
4
3
2
3
4
4
6
6
7
8
10
11
12
13
11
10
9
10
12
13
12
11
15
14
12
11
11
11
12
12
13
12
11
10
10
10
10
11
157
164
174
180
177
176
187
202
192
184
179
166
152
158
171
171
153
116
89
92
99
91
81
79
62
47
31
25
26
31
39
46
52
60
68
70
68
70
78
87
84
78
70
64
60
54
46
40
37
34
27
21
20
22
20
15
18
16
13
9
6
7
11
14
10
10
10
10
9
9
9
9
8
7
6
5
5
5
6
6
7
7
8
9
10
11
12
12
11
10
9
10
12
13
12
11
13
12
11
10
10
10
11
11
12
12
11
10
10
10
10
10
154
169
180
178
174
177
181
182
179
171
168
159
147
151
157
151
148
122
103
105
112
106
93
84
64
59
58
64
71
76
81
86
78
82
84
81
75
73
76
81
84
78
72
67
64
60
54
49
44
39
33
31
31
30
23
16
17
18
17
12
7
6
9
13
10
10
10
10
10
10
11
11
10
9
9
8
8
8
8
8
8
8
9
9
10
11
11
11
11
10
9
10
12
13
12
11
11
10
10
10
10
10
10
10
12
11
10
10
9
9
10
10
156
162
170
174
172
166
161
160
171
160
155
153
149
152
147
130
121
123
117
108
106
108
100
87
77
79
89
103
112
115
116
119
126
120
113
108
105
103
101
99
101
94
86
79
74
69
62
57
52
48
45
46
46
40
30
22
21
23
23
20
14
9
8
9
9
9
10
10
10
10
10
10
11
11
11
10
10
10
9
9
10
10
10
10
10
10
11
11
11
10
9
10
12
13
12
11
9
9
10
10
10
10
10
10
12
11
10
9
9
9
9
10
175
160
165
186
185
161
155
170
175
160
154
157
160
165
155
130
109
124
123
105
96
104
107
100
105
106
112
122
128
129
131
134
156
146
136
134
139
141
136
130
137
128
115
103
94
84
74
67
56
53
54
58
58
50
41
36
34
35
34
30
24
17
12
10
11
11
11
11
10
10
10
10
11
11
12
12
12
11
10
9
11
11
11
11
10
10
10
10
11
10
9
10
12
13
12
11
8
9
10
11
11
11
10
10
11
11
10
9
8
8
9
9
172
158
160
174
169
148
149
169
171
160
160
170
177
181
164
135
115
123
122
111
105
111
119
122
127
126
129
135
138
137
139
143
157
149
142
144
152
155
150
142
146
137
122
108
97
86
75
67
53
51
53
58
58
52
49
50
55
51
46
41
35
28
21
17
14
14
13
13
12
11
11
11
11
11
12
13
12
11
10
9
12
12
12
11
11
10
10
9
11
10
9
10
12
13
12
11
8
9
10
12
12
12
11
10
11
10
9
9
8
8
9
9
164
169
169
159
148
146
154
162
158
154
165
181
190
189
166
133
120
117
118
121
122
122
128
136
132
132
138
145
146
144
145
148
150
145
141
145
151
152
145
138
126
117
103
91
82
72
63
57
47
44
47
53
53
50
52
58
70
64
54
47
42
36
29
23
17
16
16
15
14
13
12
12
10
11
12
13
12
11
9
8
13
13
12
11
11
10
9
9
11
10
9
10
12
13
12
11
8
9
11
12
13
13
12
11
11
10
9
8
8
8
8
9
135
148
154
152
156
166
166
158
162
161
171
183
184
177
153
121
103
105
110
117
122
128
139
149
156
147
147
156
155
144
141
147
148
152
153
152
151
146
134
121
116
104
93
89
80
64
50
44
45
40
36
39
47
54
57
57
69
59
53
56
55
46
36
34
33
26
18
15
16
17
14
11
13
13
13
12
12
11
11
11
12
12
12
11
11
10
10
10
9
9
9
9
9
9
9
9
11
11
11
10
10
10
9
9
8
8
8
9
9
10
10
10
115
127
140
148
155
160
159
154
155
157
168
172
164
157
143
122
117
120
123
124
130
142
156
165
156
141
136
148
157
150
139
134
141
143
143
142
141
139
129
118
112
100
89
84
77
65
54
51
42
37
34
37
45
52
53
51
51
49
50
56
59
56
50
47
44
37
29
24
24
23
19
16
13
13
12
12
12
11
11
11
12
12
11
11
11
10
10
10
9
9
9
9
9
9
9
9
10
9
9
9
8
8
8
7
8
8
8
9
9
9
10
10
123
127
137
147
149
145
142
144
151
156
165
159
138
128
124
114
120
125
125
119
124
141
156
162
160
149
146
154
159
152
141
136
138
139
136
133
133
132
125
116
105
95
85
79
74
66
60
58
47
42
39
43
51
56
54
50
51
57
61
62
62
60
55
49
50
44
36
30
28
25
21
18
13
12
12
12
11
11
11
11
11
11
11
10
10
10
9
9
8
8
8
8
8
8
8
8
8
8
8
7
7
6
6
6
7
7
8
8
8
9
9
9
132
126
128
135
132
122
124
135
141
147
156
148
125
118
121
116
118
125
123
113
114
130
143
146
155
158
162
160
151
144
143
148
139
137
132
126
124
123
118
110
98
91
84
78
74
68
63
60
53
48
45
48
55
57
53
48
53
61
64
59
55
53
48
41
43
38
31
26
23
20
17
14
12
12
12
11
11
11
10
10
10
10
10
10
9
9
9
8
7
7
7
7
7
7
7
7
8
8
7
7
7
6
6
6
6
7
7
7
8
8
8
8
114
107
112
123
122
112
116
131
127
133
144
142
130
130
134
129
127
133
131
123
121
130
138
139
144
150
152
147
140
139
142
145
136
133
126
118
115
114
107
99
89
88
84
79
74
69
63
58
52
49
47
48
50
50
45
41
38
43
46
44
41
41
38
35
28
25
21
18
16
14
12
11
12
12
11
11
11
10
10
10
10
9
9
9
8
8
8
8
7
7
7
7
7
7
7
7
8
8
8
7
7
7
6
6
6
6
6
6
7
7
7
8
104
106
118
132
131
120
120
130
128
129
138
138
130
132
133
124
131
133
133
131
128
130
135
140
140
138
132
130
137
146
142
130
127
126
120
114
112
110
103
95
81
83
81
76
71
67
62
56
55
54
53
50
46
42
39
38
35
34
36
39
37
30
25
24
17
17
15
13
12
11
11
11
11
11
11
11
10
10
10
9
9
9
8
8
8
7
7
7
6
6
6
6
6
6
6
6
8
8
8
7
7
6
6
6
5
5
5
6
6
6
7
7
102
109
123
133
130
122
120
126
123
122
127
126
117
119
120
110
117
113
115
121
121
118
125
137
137
136
130
127
135
143
133
114
106
107
106
104
105
105
98
89
73
77
75
68
64
63
61
56
56
58
57
50
40
33
33
35
40
31
33
44
43
25
12
13
13
13
13
13
12
11
12
13
11
11
11
10
10
10
9
9
8
8
8
7
7
7
6
6
5
5
5
5
5
5
5
5
7
6
6
6
5
5
5
4
4
4
5
5
5
6
6
6
85
94
105
110
110
109
114
121
102
102
110
110
104
110
116
109
102
93
95
107
110
105
115
134
129
139
140
130
125
126
116
101
80
83
86
88
92
94
88
79
68
72
69
61
57
60
61
58
51
54
53
44
31
22
23
28
32
20
25
45
46
23
7
8
12
13
13
13
12
11
12
13
11
11
11
10
10
9
9
9
8
8
8
7
7
6
6
6
5
5
5
5
5
5
5
5
5
5
4
4
4
3
3
3
4
4
4
5
5
6
6
6
98
95
104
101
113
127
109
98
84
102
102
93
99
107
104
100
93
88
88
108
106
99
119
121
128
121
124
130
129
126
108
80
51
62
75
85
86
80
72
67
63
61
60
59
59
59
59
59
41
42
46
46
36
22
19
23
23
26
27
22
14
10
10
13
10
10
11
12
12
12
11
11
11
11
11
10
10
9
9
9
8
8
9
8
7
6
5
4
2
3
3
4
4
3
3
2
5
4
4
4
4
5
6
7
7
6
6
5
5
6
6
7
90
90
99
90
94
108
99
98
94
101
95
89
99
106
105
108
99
93
88
104
101
93
112
117
119
111
111
116
118
120
110
87
68
75
84
89
88
81
73
69
63
62
61
61
60
59
57
56
45
39
35
35
32
24
20
21
22
24
25
21
14
10
11
13
10
10
11
12
12
11
11
10
11
11
10
10
10
9
9
9
8
8
8
8
7
6
5
4
2
3
3
4
4
3
3
2
5
4
4
4
4
5
6
7
7
6
6
5
5
6
6
7
91
93
102
86
82
96
97
105
120
112
97
94
105
108
109
120
105
99
85
94
89
79
97
108
118
107
105
109
114
124
123
106
90
93
96
94
89
81
75
72
64
63
63
63
62
59
55
51
47
35
24
23
27
26
21
18
19
21
22
19
13
10
11
13
10
10
11
11
11
11
10
10
11
10
10
10
9
9
9
9
8
8
8
8
7
6
4
4
2
3
3
4
4
3
3
2
4
4
4
4
4
5
6
6
6
6
5
5
5
5
6
6
97
99
107
87
80
95
98
110
122
101
79
80
90
86
85
102
108
103
81
81
77
63
80
97
118
107
105
108
115
129
134
121
104
104
102
96
88
80
76
74
66
65
64
64
64
59
52
46
44
32
21
19
23
25
22
19
17
19
19
17
13
11
11
13
10
11
11
11
11
10
9
9
10
10
10
9
9
9
8
8
7
8
8
7
7
5
4
3
2
3
3
4
4
3
3
2
4
4
3
3
4
4
5
6
6
6
5
4
4
5
6
6