112
92
207
208
209
211
213
215
216
217
213
214
215
216
216
216
216
215
213
214
215
215
216
217
218
218
218
219
219
219
219
219
219
219
220
220
220
221
221
221
222
222
223
223
223
224
224
225
225
225
226
226
226
227
227
228
228
228
228
228
228
229
229
230
230
230
228
228
228
229
229
230
230
230
231
231
231
232
232
233
233
233
232
232
232
233
233
234
234
234
234
234
234
235
235
236
236
236
236
236
237
237
237
238
238
238
237
237
237
237
237
237
237
237
214
214
213
212
211
210
209
208
213
214
215
216
216
216
216
215
216
216
216
216
216
217
217
217
218
219
219
220
221
221
222
222
220
221
221
221
222
222
222
222
224
224
225
225
225
226
226
226
226
226
226
227
227
227
228
228
228
228
228
229
229
229
230
230
228
228
228
229
229
230
230
230
231
231
231
232
232
232
233
233
232
232
232
233
233
233
234
234
234
234
234
235
235
235
236
236
235
236
236
236
237
237
237
238
237
237
237
237
237
237
237
237
209
209
210
210
211
212
212
212
213
214
215
216
216
216
216
215
218
217
217
217
216
216
216
216
217
217
218
219
220
221
222
222
221
221
221
222
222
223
223
223
225
225
225
226
226
226
227
227
226
226
226
226
227
227
227
228
228
228
228
228
229
229
229
230
228
228
228
229
229
230
230
230
231
231
231
231
232
232
232
233
232
232
232
232
233
233
233
234
234
234
234
234
235
235
235
236
234
235
235
235
236
236
236
237
237
237
237
237
237
237
237
237
207
207
208
210
211
213
214
215
213
214
215
215
216
216
215
215
216
216
216
216
217
217
217
217
216
217
217
217
218
219
219
219
221
221
222
222
223
223
223
223
224
224
224
225
225
225
226
226
225
225
226
226
226
227
227
227
227
227
228
228
228
229
229
229
228
228
228
229
229
230
230
230
230
230
231
231
231
232
232
232
231
231
232
232
232
233
233
233
233
233
234
234
234
235
235
235
234
234
234
235
235
235
236
236
237
237
237
237
237
237
237
237
213
212
212
211
209
208
207
207
212
212
213
214
215
214
214
214
212
213
214
215
216
218
219
219
219
219
219
218
218
218
218
218
221
221
221
222
222
223
223
223
222
222
223
223
223
224
224
224
225
225
225
226
226
226
227
227
227
227
227
228
228
228
229
229
228
228
228
229
229
230
230
230
230
230
230
231
231
231
232
232
231
231
231
232
232
232
233
233
233
233
233
234
234
234
235
235
234
234
234
235
235
235
236
236
237
237
237
237
237
237
237
237
206
206
206
207
207
208
208
209
210
210
211
212
213
213
212
212
209
210
211
213
215
217
219
219
220
220
220
220
220
220
220
220
220
220
220
221
221
221
222
222
221
221
222
222
222
223
223
223
224
225
225
225
226
226
226
226
226
227
227
227
228
228
228
228
228
228
228
229
229
230
230
230
229
230
230
230
231
231
231
231
230
231
231
231
232
232
232
232
232
233
233
233
234
234
234
234
234
235
235
235
236
236
236
237
237
237
237
237
237
237
237
237
195
196
198
201
205
208
210
211
208
209
210
210
211
211
210
210
209
210
211
212
214
215
216
216
214
214
215
216
218
219
220
221
219
219
219
219
220
220
221
221
222
222
222
223
223
223
224
224
224
224
225
225
225
226
226
226
226
226
227
227
227
228
228
228
228
228
228
229
229
230
230
230
229
229
230
230
230
231
231
231
230
230
231
231
231
232
232
232
232
232
233
233
233
234
234
234
235
236
236
236
237
237
237
238
237
237
237
237
237
237
237
237
197
197
198
199
200
201
202
202
207
208
208
209
210
210
209
209
210
210
211
211
212
213
213
213
206
207
209
211
214
217
219
220
218
218
218
219
219
219
220
220
223
223
223
224
224
225
225
225
224
224
224
225
225
226
226
226
226
226
226
227
227
228
228
228
228
228
228
229
229
230
230
230
229
229
229
230
230
231
231
231
230
230
230
231
231
232
232
232
232
232
232
233
233
234
234
234
236
236
237
237
237
238
238
238
237
237
237
237
237
237
237
237
194
196
198
199
200
199
198
197
201
203
206
209
210
210
209
209
204
204
203
204
206
209
212
214
215
214
213
212
212
214
215
216
215
215
215
215
216
216
217
218
218
219
221
220
219
218
217
218
227
227
226
224
224
224
224
224
224
224
225
226
227
227
226
226
229
229
228
227
228
228
229
230
230
230
230
230
232
231
230
228
233
233
232
231
231
231
232
232
234
234
234
234
234
233
232
231
235
235
235
235
235
235
235
235
236
237
237
238
238
237
237
236
200
199
199
199
199
200
200
201
198
200
203
205
207
208
207
206
208
209
211
214
216
218
219
219
217
216
215
214
213
213
214
214
217
215
213
210
208
207
207
207
209
209
211
211
211
212
213
214
217
217
218
219
221
223
225
226
226
226
226
226
226
225
225
224
229
229
229
229
230
230
230
231
229
229
229
230
231
231
230
229
233
232
232
231
231
232
232
232
232
232
233
234
234
234
233
233
233
233
234
234
235
236
237
237
235
236
236
237
237
236
236
235
206
204
202
201
200
202
204
205
199
201
202
204
204
203
202
201
200
203
206
209
211
212
211
210
218
217
215
214
213
212
212
212
215
213
209
206
203
203
203
204
202
201
201
202
204
207
209
211
209
209
210
212
214
217
219
221
224
223
223
223
224
224
225
226
225
225
226
227
228
228
227
227
228
229
230
231
232
232
232
232
231
231
231
231
232
232
232
232
229
230
230
231
232
233
233
233
233
233
233
234
234
235
235
235
234
235
236
236
236
236
235
234
208
208
206
205
205
205
206
207
206
207
206
206
205
203
201
200
195
196
197
199
199
199
198
198
208
207
206
205
204
204
203
203
206
204
201
200
199
201
203
204
204
202
200
201
203
207
209
210
208
208
208
208
208
209
210
211
210
210
211
213
215
218
221
223
217
218
219
220
221
221
220
219
225
227
229
231
231
231
232
233
230
230
231
232
232
232
232
231
233
233
233
233
233
233
234
234
234
234
234
234
233
233
233
233
235
236
236
237
237
236
236
235
207
208
209
210
210
209
208
207
210
210
210
210
210
209
208
207
206
205
203
201
200
200
201
201
196
197
197
197
197
197
197
197
199
198
197
197
198
200
202
204
210
206
203
203
205
208
209
209
209
209
208
207
206
207
207
207
202
202
204
205
208
210
212
213
213
214
214
215
215
214
214
213
217
220
224
225
225
226
228
230
228
229
231
232
232
232
231
231
237
236
235
233
232
232
232
232
230
230
231
232
233
234
235
236
237
238
238
239
239
238
238
237
205
207
209
211
212
211
209
208
210
211
212
213
215
216
217
218
219
217
214
211
209
209
210
210
203
203
204
205
206
206
205
205
209
209
208
208
208
208
209
209
212
208
205
204
207
209
207
205
209
209
209
209
210
211
212
213
213
214
214
215
215
214
213
212
216
215
213
212
211
211
211
212
208
212
217
219
218
219
223
226
227
228
230
232
232
232
231
231
231
229
227
224
223
222
222
223
223
224
227
230
234
237
239
241
238
238
239
240
240
239
238
238
205
206
207
208
210
210
211
211
213
214
214
215
216
217
218
219
218
218
216
215
214
214
213
213
215
216
216
217
217
216
214
214
218
219
220
220
219
218
217
216
213
209
206
207
210
211
208
204
212
213
213
214
215
217
219
220
222
223
225
225
224
221
218
215
219
216
213
209
208
208
209
210
205
210
216
218
217
218
222
227
226
227
230
232
233
232
231
230
226
225
222
220
219
219
220
221
223
225
227
230
233
236
238
239
237
238
238
239
239
238
238
237
206
205
205
205
207
209
212
214
219
218
217
215
214
214
214
214
213
215
216
218
218
217
215
214
217
217
218
218
216
215
212
211
215
216
219
220
220
219
217
216
213
210
207
209
214
215
211
206
218
217
217
218
218
220
221
222
217
219
222
224
223
220
216
213
219
216
211
207
204
205
207
208
207
213
219
221
220
221
226
231
225
227
230
232
233
232
231
230
232
231
229
227
227
228
230
231
229
229
230
230
231
232
233
233
236
237
237
238
238
237
237
236
205
205
204
205
206
208
211
212
214
214
214
215
215
216
216
216
217
215
215
216
213
208
208
212
216
216
217
218
219
220
220
221
220
220
219
218
218
217
216
216
209
209
209
213
217
217
212
208
212
212
212
211
211
211
211
211
216
217
217
217
218
218
219
219
219
220
221
220
220
221
225
228
227
229
232
232
232
231
232
234
229
229
228
230
232
232
231
229
227
229
230
231
232
231
230
230
232
232
232
233
234
236
237
238
235
236
236
236
236
235
234
233
205
205
204
204
206
208
210
212
213
213
213
214
214
214
215
215
216
214
214
215
212
207
207
211
211
211
212
213
214
215
215
216
219
219
218
216
215
213
212
212
207
206
208
212
217
218
214
210
217
217
217
217
217
217
217
217
212
213
215
218
221
223
225
226
223
224
224
223
222
224
227
229
225
228
230
231
230
230
231
232
229
228
228
230
232
232
231
229
227
228
230
231
231
231
230
229
231
231
232
232
233
235
237
238
235
235
236
236
235
235
234
233
205
204
203
204
205
207
209
210
212
212
212
212
213
213
213
214
215
213
213
214
212
207
207
211
209
209
210
211
211
212
213
213
218
218
216
215
213
211
209
209
205
205
207
212
217
220
217
214
221
221
221
222
222
222
222
222
214
215
217
220
223
226
228
230
225
226
226
224
223
223
226
228
223
226
228
229
228
228
229
230
228
228
228
229
231
231
230
228
227
228
229
230
230
230
230
229
230
230
231
231
233
234
236
237
234
235
235
235
235
234
233
232
204
203
203
203
203
205
207
209
211
211
212
212
212
213
213
213
215
213
213
215
212
208
208
212
213
213
213
214
214
215
215
215
217
217
216
215
214
213
212
212
209
208
209
213
219
221
218
215
221
221
221
221
222
222
222
222
222
222
223
223
224
225
226
226
225
225
225
223
221
220
223
225
223
225
227
228
227
227
228
229
228
227
227
228
230
231
229
227
227
227
228
229
229
229
229
229
229
229
230
230
231
233
235
236
234
234
234
234
234
233
232
232
203
203
202
201
202
204
206
207
211
211
211
212
212
213
213
213
215
213
213
215
213
209
209
213
216
216
216
216
216
217
217
217
217
217
217
217
218
218
218
218
215
214
213
216
220
221
218
214
220
220
220
221
221
222
222
222
226
226
226
225
224
224
223
223
225
225
225
222
220
220
222
224
223
225
228
228
228
227
228
230
227
226
226
227
229
230
228
227
227
227
227
227
227
228
229
229
228
228
228
229
230
232
233
234
233
233
234
234
233
232
231
231
203
202
201
200
201
202
204
205
209
209
210
210
211
211
211
211
213
211
212
214
212
208
209
213
214
215
215
215
215
215
215
215
216
216
217
218
219
220
221
221
220
217
215
216
219
219
216
213
220
220
220
221
222
223
223
223
224
224
224
224
224
224
224
224
226
226
226
223
221
221
223
225
222
225
227
228
227
227
228
229
226
225
225
227
229
229
228
226
227
226
226
226
226
227
228
229
227
227
227
228
229
231
232
233
232
232
233
233
232
232
231
230
202
201
200
200
200
201
203
204
206
206
207
207
207
208
208
208
210
209
209
211
210
206
207
211
213
213
213
213
212
212
212
212
215
215
215
216
217
218
218
218
219
216
214
215
217
218
215
211
218
218
219
220
221
222
222
222
222
222
222
223
223
223
224
224
224
224
224
222
220
220
223
225
221
223
225
226
225
225
226
227
226
225
225
226
228
229
227
225
227
226
225
225
225
226
228
229
226
226
226
227
228
230
231
232
231
232
232
232
232
231
230
229
202
201
200
199
199
201
202
203
204
204
204
204
205
205
206
206
208
206
207
209
207
203
204
209
212
212
212
212
212
212
212
212
214
214
214
214
214
214
214
214
217
214
211
212
215
216
214
211
215
215
216
217
218
219
220
220
223
223
222
222
222
221
221
221
220
221
220
219
217
218
220
223
219
221
223
224
223
223
224
225
225
224
224
226
228
228
227
225
226
226
225
224
225
226
227
229
226
226
226
226
228
229
231
232
231
231
232
232
232
231
230
229
202
201
199
198
198
200
202
203
203
203
204
204
204
205
205
205
207
207
207
207
207
207
207
207
209
209
210
210
210
211
211
211
212
212
212
213
213
214
214
214
212
211
210
211
213
214
213
212
217
217
218
219
220
220
221
221
223
218
216
218
224
226
223
218
220
219
218
218
219
219
218
216
217
218
221
223
224
223
222
221
223
222
220
219
220
222
225
227
226
226
226
226
226
226
226
226
223
225
225
223
224
228
229
227
224
231
233
230
230
233
230
222
201
200
198
197
197
199
201
202
202
203
203
203
204
204
204
205
207
207
207
207
207
207
207
207
208
209
209
209
210
210
210
211
211
211
211
212
212
212
213
213
211
210
209
210
212
213
212
211
215
216
216
217
218
218
219
219
212
220
226
222
214
212
220
228
225
224
222
220
219
221
225
229
216
218
220
222
223
223
222
221
220
220
221
221
222
223
224
224
221
221
221
221
221
221
221
221
223
226
226
223
224
228
230
227
230
232
231
228
228
229
228
226
198
198
197
196
196
198
200
201
201
201
202
202
203
203
203
203
205
205
205
205
205
205
205
205
207
207
208
208
209
209
209
209
210
210
210
210
211
211
211
212
210
209
208
209
211
212
211
210
213
213
214
215
216
216
217
217
220
217
214
213
215
217
218
218
220
220
219
215
211
210
213
216
216
217
219
221
222
222
221
220
217
218
221
223
224
223
222
221
222
222
222
222
222
222
222
222
217
220
220
218
218
223
224
222
228
226
226
228
227
223
221
223
195
195
195
195
195
197
198
199
200
200
200
201
201
201
202
202
204
204
204
204
204
204
204
204
206
206
206
207
207
207
208
208
209
209
210
210
210
211
211
211
210
209
208
209
211
212
211
210
212
212
213
214
215
215
216
216
224
215
208
209
217
221
218
213
217
219
221
222
221
218
215
214
215
216
218
219
220
220
220
220
216
218
220
222
223
222
221
221
222
222
222
222
222
222
222
222
222
225
225
222
223
228
229
227
228
226
229
236
235
228
225
227
192
192
192
193
194
195
196
197
198
198
199
199
199
200
200
200
202
202
202
202
202
202
202
202
204
204
205
205
205
206
206
206
209
209
209
210
210
211
211
211
210
209
208
209
211
212
211
210
212
212
213
213
214
215
216
216
209
216
222
219
214
212
219
227
214
212
212
214
219
220
217
213
215
215
216
217
218
219
219
219
218
218
218
219
220
221
221
222
218
218
218
218
218
218
218
218
217
220
220
217
218
223
224
222
222
220
221
224
225
223
223
226
189
190
190
192
193
194
194
195
197
197
197
197
198
198
199
199
201
201
201
201
201
201
201
201
203
203
203
203
204
204
205
205
207
207
208
208
209
209
209
209
209
208
207
208
210
211
210
209
211
211
212
212
213
214
215
215
210
213
217
219
218
216
216
216
224
219
212
209
209
210
210
209
214
215
215
216
217
217
218
218
218
217
217
218
218
220
221
222
218
218
218
218
218
218
218
218
217
220
220
217
218
222
224
221
226
227
224
220
221
226
230
229
187
188
189
190
192
193
193
193
195
196
196
196
197
197
197
198
199
199
199
199
199
199
199
199
201
202
202
202
203
203
203
204
204
204
205
205
205
206
206
206
206
205
204
205
207
208
207
206
209
209
210
210
211
212
212
213
218
212
208
211
214
209
193
179
216
220
223
221
216
213
215
218
214
214
214
214
215
216
217
218
214
216
218
219
220
220
219
219
219
219
219
219
219
219
219
219
224
227
227
224
225
229
230
228
217
230
235
228
228
233
228
214
186
186
188
190
191
192
192
193
195
195
195
196
196
196
197
197
199
199
199
199
199
199
199
199
201
201
201
202
202
202
203
203
202
202
202
202
203
203
204
204
204
203
202
203
205
206
205
204
207
207
208
208
209
210
211
211
210
216
219
212
195
177
164
158
160
180
202
212
209
206
210
217
214
213
213
214
215
216
217
218
211
214
219
222
223
221
218
215
214
214
214
214
214
214
214
214
201
204
204
201
202
206
208
206
165
191
207
204
202
202
183
156
181
188
193
196
196
187
187
198
192
192
193
194
195
195
196
196
196
196
196
196
196
196
196
196
199
199
199
199
199
199
199
199
203
203
204
204
205
205
205
205
203
201
200
203
207
207
204
200
205
206
207
207
206
207
209
211
204
207
209
210
213
216
214
209
222
202
220
205
198
207
204
217
202
209
208
209
217
217
214
220
227
179
107
144
180
186
163
166
163
156
149
156
154
154
161
149
159
160
162
164
167
170
172
173
180
180
178
177
177
177
177
177
204
182
177
180
179
194
202
184
192
192
193
193
194
195
196
196
196
196
196
196
196
196
196
196
198
198
198
198
198
198
198
198
201
201
201
201
200
200
200
200
201
199
198
201
204
205
202
198
203
204
206
206
205
205
207
209
205
208
209
208
210
212
209
203
206
215
218
225
230
224
219
209
226
224
221
218
212
201
191
186
169
168
148
179
178
170
166
180
167
174
176
178
177
176
180
177
177
178
180
182
185
188
190
191
184
184
183
183
182
181
180
180
181
187
180
190
207
184
170
199
191
191
192
192
193
194
195
195
195
195
195
195
195
195
195
195
196
196
196
196
196
197
197
197
200
201
201
201
202
202
203
203
201
199
198
200
203
204
202
198
201
203
204
204
204
204
206
208
206
208
208
206
206
207
204
197
215
227
174
160
159
157
179
183
155
144
146
152
147
142
139
132
148
150
140
161
149
147
151
145
120
141
150
146
146
146
145
152
146
146
147
147
148
149
151
152
159
160
161
162
161
159
156
154
211
177
179
188
173
183
201
186
188
189
189
190
191
192
192
192
192
192
192
192
192
192
192
192
195
195
195
195
195
196
196
196
196
197
198
200
201
203
204
205
202
200
198
200
203
205
202
199
200
202
204
204
204
203
205
206
204
207
207
204
205
205
201
195
200
226
183
166
162
163
166
181
176
157
161
177
181
184
190
187
186
173
164
184
189
201
208
179
169
186
196
185
188
191
183
194
192
191
189
188
187
187
187
188
196
197
200
201
200
197
193
190
138
196
198
170
179
186
177
184
184
184
185
186
187
187
188
188
188
188
188
188
188
188
188
188
192
192
193
193
194
194
194
195
192
192
193
193
194
195
195
195
199
196
194
196
199
201
199
197
198
201
203
204
204
203
204
205
201
204
205
203
204
205
202
196
212
211
172
143
139
160
135
162
160
142
144
167
178
174
169
167
169
164
169
182
179
174
187
164
142
136
142
130
132
141
128
137
137
136
135
134
134
135
137
138
137
139
142
143
142
138
133
130
87
104
162
199
184
177
182
168
179
179
180
181
181
182
183
183
183
183
183
183
183
183
183
183
188
188
188
189
190
190
191
191
194
194
193
192
191
190
189
188
193
190
187
188
192
194
193
191
196
199
202
203
202
201
202
202
198
201
202
201
202
204
201
195
214
203
184
176
163
172
104
110
97
96
112
159
204
205
196
206
216
205
202
209
211
194
217
218
152
114
120
113
111
124
111
114
115
114
114
115
118
122
126
128
130
132
134
135
134
130
125
122
110
84
69
111
169
178
170
186
174
174
175
176
177
177
178
178
178
178
178
178
178
178
178
178
182
182
183
184
185
186
186
187
192
192
191
191
190
190
189
189
190
186
183
184
187
190
189
187
192
195
198
200
199
198
198
198
196
199
200
198
199
201
198
192
209
195
159
161
126
136
115
136
123
125
119
150
194
173
141
156
152
131
122
138
165
144
175
202
175
109
123
126
115
130
120
121
122
122
121
122
125
130
135
138
135
137
138
138
136
133
129
127
90
106
105
82
86
135
176
180
171
172
172
173
174
174
175
175
175
175
175
175
175
175
175
175
178
178
179
180
181
182
182
183
181
181
183
184
186
188
189
190
189
186
182
183
187
189
189
187
189
192
196
197
197
195
195
195
196
198
198
196
197
198
194
188
194
209
180
197
124
100
106
125
111
119
110
149
216
207
183
216
196
187
188
203
221
169
191
233
177
96
118
128
110
126
120
119
124
123
121
120
122
125
129
131
132
132
133
133
131
128
125
123
79
69
82
106
103
85
101
140
185
181
172
171
171
163
167
187
171
174
176
176
176
177
176
174
178
178
178
178
178
178
178
178
181
181
182
182
183
183
183
183
184
183
182
183
185
186
185
184
187
188
188
189
190
191
191
192
188
192
194
194
195
196
191
183
193
215
172
111
97
123
113
123
117
114
121
141
160
169
169
168
172
165
161
164
172
176
171
165
128
124
123
124
121
115
115
121
122
121
121
122
123
126
129
130
135
135
136
137
133
127
128
134
97
78
72
88
99
94
93
100
112
155
182
175
171
180
175
158
169
171
172
172
173
174
174
173
178
178
178
178
178
178
178
178
179
179
179
180
180
181
181
181
182
181
180
181
183
184
183
182
184
185
185
186
187
188
188
188
191
192
191
188
189
193
191
186
185
196
165
129
100
108
100
117
117
111
110
116
121
117
110
106
107
103
99
102
108
111
108
103
111
109
110
114
114
111
113
119
116
116
115
116
116
118
119
119
119
118
121
124
122
116
115
117
92
96
100
97
88
85
94
106
86
99
140
177
175
162
166
176
170
169
169
169
169
170
170
171
175
175
175
175
175
175
175
175
176
176
176
177
177
178
178
178
179
178
177
178
180
181
180
179
180
181
181
182
183
184
184
185
184
186
185
183
184
187
185
179
196
193
176
172
123
112
109
128
110
108
111
119
124
124
123
124
123
122
121
122
125
126
126
124
84
84
87
91
92
91
94
99
95
95
96
96
96
95
95
94
102
101
103
109
110
105
101
100
95
81
72
79
94
100
96
91
102
83
75
92
133
181
183
146
171
168
167
167
167
166
167
170
171
171
171
171
171
171
171
171
174
174
174
175
175
175
176
176
177
176
175
176
178
179
178
177
178
178
178
179
180
181
181
182
176
181
184
185
186
186
180
172
191
181
168
186
122
109
109
116
111
111
114
119
120
118
119
123
111
112
113
114
113
114
115
116
97
98
100
102
101
100
102
104
103
104
106
107
107
106
105
104
107
103
103
109
113
110
106
105
97
76
68
84
100
100
95
95
88
102
108
94
88
117
158
179
173
169
169
173
174
172
174
180
169
169
169
169
169
169
169
169
172
172
173
173
173
174
174
174
175
174
173
174
176
177
176
175
176
176
177
178
179
179
180
180
180
183
185
184
185
186
182
175
185
179
159
184
114
109
112
104
107
106
107
110
107
103
104
109
109
111
113
113
112
112
114
116
112
115
118
117
116
116
116
116
116
117
119
121
121
121
120
119
123
117
114
119
122
122
121
122
86
81
86
94
89
77
81
96
99
83
75
92
102
86
95
136
143
138
139
146
149
146
148
155
169
169
169
169
169
169
169
169
170
170
170
171
171
172
172
172
173
172
171
172
174
175
174
173
175
175
175
176
177
178
178
179
181
181
178
174
175
179
180
176
189
192
159
189
117
117
120
110
106
105
107
112
113
113
117
122
108
109
111
111
110
111
112
114
105
111
114
113
113
115
116
114
112
113
114
116
117
117
117
117
125
120
117
120
122
121
123
126
79
68
60
66
77
79
67
54
43
77
72
54
62
56
57
89
128
122
122
129
128
121
120
126
166
166
166
166
166
166
166
166
167
167
167
168
168
169
169
169
170
169
168
169
171
172
171
170
172
173
173
174
175
176
176
177
174
177
177
175
176
178
176
170
180
190
149
186
112
104
108
113
119
114
111
112
111
107
108
111
112
112
112
113
114
115
115
115
106
114
118
116
116
120
120
117
120
120
119
119
119
119
120
121
119
117
117
119
118
115
117
122
61
80
88
77
71
76
77
70
75
77
53
61
86
58
55
123
182
173
172
176
171
158
154
158
162
162
162
162
162
162
162
162
165
165
165
165
166
166
167
167
168
167
166
167
169
170
169
168
171
171
172
172
173
174
175
175
170
179
187
191
192
189
177
166
180
193
149
194
118
99
104
124
114
108
106
110
114
115
117
120
112
110
110
111
114
115
115
113
104
111
115
112
111
114
114
110
120
119
117
115
114
114
115
116
119
120
123
125
122
117
118
123
84
84
85
86
87
89
90
91
93
87
90
95
88
79
92
116
172
153
145
159
157
148
153
148
173
158
158
167
166
165
166
160
150
159
170
176
177
175
173
173
170
157
170
149
180
161
189
183
174
177
171
168
176
175
167
167
195
181
134
108
93
121
188
168
131
163
153
171
125
120
105
108
117
109
106
110
115
113
110
108
108
105
116
110
110
116
108
116
103
112
119
120
119
119
117
114
118
117
117
116
116
117
118
118
118
118
117
117
117
117
117
116
84
84
85
85
87
88
90
90
94
90
91
96
93
87
91
101
147
164
172
168
159
159
151
124
135
146
167
173
156
152
166
176
190
176
153
131
120
125
141
155
175
165
168
181
168
180
126
122
170
177
169
159
164
169
170
175
136
93
53
68
68
44
75
122
105
86
108
198
106
102
110
113
114
108
106
110
113
112
110
110
108
104
115
110
109
115
108
115
111
113
113
112
115
117
113
105
112
112
113
114
116
118
119
120
121
121
122
122
123
124
124
125
83
83
84
85
86
87
88
89
88
86
85
88
91
90
84
78
76
130
165
140
100
88
91
90
100
100
94
70
47
69
122
158
110
98
78
59
52
61
79
94
90
166
176
100
53
151
87
30
48
74
102
137
177
176
130
87
61
73
68
66
92
109
105
141
114
118
122
204
114
110
94
108
108
105
105
109
110
108
108
111
106
102
113
108
107
113
105
112
99
109
116
113
110
112
118
121
123
122
122
121
120
119
118
118
117
117
117
118
118
119
119
119
82
82
83
85
86
86
86
86
80
83
82
80
84
88
81
68
30
41
53
47
48
53
46
52
37
47
62
61
48
50
57
52
46
49
52
54
55
60
69
75
88
78
98
78
61
45
41
65
65
60
44
50
91
114
94
65
56
56
69
68
84
120
110
155
106
108
113
185
120
108
96
112
104
102
104
108
107
105
106
111
105
101
112
106
105
111
103
110
103
109
112
107
103
103
104
103
101
102
104
106
108
109
110
111
118
118
118
118
118
117
117
117
80
81
83
84
85
85
84
84
79
86
86
79
80
87
85
76
86
80
72
50
60
74
62
75
64
54
49
45
41
51
57
50
54
56
57
56
55
57
63
68
57
64
66
48
70
47
74
46
57
68
62
52
60
66
57
49
77
55
71
58
46
118
131
168
120
53
99
196
126
85
113
108
106
104
106
110
109
106
108
113
108
104
115
109
107
113
105
112
110
108
105
108
117
123
117
106
125
125
125
125
123
121
119
118
112
112
113
113
114
115
115
116
79
80
82
84
84
84
83
82
79
84
84
77
76
82
85
82
85
108
111
52
34
46
37
63
48
41
47
54
48
48
51
48
48
49
48
44
41
41
46
51
44
62
39
60
62
40
67
51
45
57
55
50
55
58
60
68
52
41
65
64
40
119
132
154
118
80
120
182
140
92
110
102
110
107
108
111
112
110
110
113
112
107
118
112
110
115
107
114
100
111
117
112
105
106
111
115
94
96
99
102
105
106
106
106
115
115
117
119
121
124
125
126
78
80
82
83
84
83
81
80
82
82
79
77
77
79
82
82
74
82
82
41
51
70
42
62
48
36
44
57
50
43
50
57
49
53
58
58
55
53
53
54
44
63
47
70
55
51
63
65
52
58
59
61
66
61
60
72
101
71
83
133
105
103
88
151
72
99
109
136
120
100
103
116
111
106
104
108
111
109
107
108
110
106
116
110
108
113
105
112
99
110
116
107
97
100
112
123
150
156
166
177
188
197
204
207
202
202
203
204
205
206
207
207
78
79
82
83
83
82
80
79
92
85
81
82
85
84
83
84
78
77
87
60
56
47
20
73
58
36
37
53
50
41
45
53
52
53
52
47
39
34
33
34
35
36
45
55
72
76
59
40
39
49
51
45
37
34
64
110
107
124
108
122
102
111
85
133
93
81
93
146
82
74
99
121
108
101
97
102
106
105
102
100
105
101
111
105
103
108
100
106
100
90
88
112
158
199
211
205
208
208
206
204
199
194
188
185
194
194
192
191
189
188
186
186
80
86
91
91
85
79
78
78
87
71
54
49
53
55
48
41
95
86
72
58
49
47
49
52
40
57
74
73
55
42
50
66
53
69
51
50
70
136
139
118
112
65
24
64
107
63
60
149
82
82
93
136
156
135
89
25
65
89
79
93
109
92
70
157
107
48
88
119
62
71
115
83
61
68
78
87
91
90
85
82
96
78
97
98
83
86
84
82
94
159
211
238
245
220
200
204
191
170
184
187
145
159
199
174
172
196
199
194
190
186
193
196
70
74
78
76
71
66
65
66
76
65
53
50
55
58
54
49
58
62
68
76
85
93
99
103
104
100
92
78
63
58
72
89
98
94
84
77
110
156
188
191
131
87
46
70
109
81
65
110
122
111
94
100
100
101
112
96
56
100
81
101
124
151
102
145
97
157
114
44
64
80
59
65
35
43
55
67
76
79
79
79
76
105
105
88
118
136
118
134
163
163
150
106
123
166
163
177
198
185
200
179
164
190
167
184
164
172
157
176
175
171
187
138
62
65
67
65
60
57
57
59
57
52
47
45
48
50
49
47
65
68
71
74
74
72
69
67
70
64
60
62
65
69
77
85
77
60
61
47
65
57
79
84
80
71
62
73
93
92
93
112
122
121
110
106
85
69
75
62
52
98
73
98
115
158
101
133
113
155
109
49
67
73
56
73
64
68
75
82
87
89
88
88
117
81
102
127
96
56
84
167
160
134
123
80
111
177
167
182
164
153
147
183
148
127
135
154
127
132
180
145
165
196
139
179
67
68
69
68
65
65
67
69
73
72
71
69
67
66
66
66
69
66
61
56
52
49
48
47
65
61
62
70
74
70
63
59
72
63
71
68
72
52
54
55
54
58
65
65
61
66
75
76
80
77
68
75
68
62
69
53
58
78
60
79
82
90
65
132
96
70
72
80
63
58
73
78
89
89
90
90
89
86
84
83
85
63
77
69
63
125
201
244
219
203
207
196
196
194
166
167
182
228
179
120
155
196
117
127
133
122
148
167
152
162
178
161
69
69
70
70
71
73
75
78
82
84
85
84
80
77
78
79
75
73
69
67
66
69
72
74
74
67
62
61
60
56
54
55
64
64
55
63
57
69
66
71
86
71
69
73
71
75
73
58
70
66
60
72
76
80
94
82
84
82
80
80
87
66
75
159
71
75
76
77
81
80
80
84
69
69
70
70
71
71
72
72
57
98
92
71
152
240
213
165
166
174
167
181
175
158
169
159
165
230
157
167
168
165
196
145
118
157
137
157
178
156
179
206
61
62
62
64
66
68
71
72
69
73
76
76
73
72
74
76
87
87
87
86
85
84
83
82
89
86
87
89
90
89
94
101
86
90
73
80
66
85
75
75
74
64
66
71
68
68
71
68
59
67
71
81
70
61
70
58
70
69
78
62
84
69
86
144
73
80
75
73
81
79
74
81
86
86
87
88
91
93
95
97
113
96
87
88
129
173
172
173
165
185
160
167
158
149
172
129
100
125
125
167
216
157
127
188
155
130
147
152
144
166
176
168
69
69
69
71
73
74
75
74
80
82
85
86
86
86
88
90
83
85
88
91
93
94
94
94
91
92
96
99
96
90
88
90
99
102
103
109
108
110
106
105
109
115
118
113
104
99
102
109
105
107
102
107
99
98
120
117
103
106
112
103
117
112
115
158
129
103
111
128
115
108
118
118
118
118
117
117
117
118
119
120
125
114
141
127
92
111
134
131
150
161
154
161
152
150
158
116
116
113
126
149
202
198
192
130
169
182
107
101
131
127
116
49
91
91
91
92
94
94
93
91
92
93
94
95
95
96
97
98
104
102
100
97
97
98
99
101
106
102
101
104
105
105
109
115
107
98
109
105
117
99
112
118
108
112
106
104
119
127
119
112
120
118
112
123
123
121
130
113
120
120
118
125
114
106
97
151
111
111
111
110
110
109
105
101
105
105
105
105
105
106
106
107
107
110
113
111
132
133
107
115
134
113
120
126
111
109
116
114
105
100
159
95
141
197
209
212
130
161
194
115
72
105
83
71
89
88
87
86
86
87
88
89
96
97
100
102
103
101
99
98
94
97
98
96
97
101
101
99
96
93
91
92
96
98
97
95
94
95
96
94
92
89
89
89
84
87
87
83
81
82
80
76
78
77
75
73
72
71
71
71
76
61
57
86
114
108
96
103
93
87
78
71
67
68
72
76
69
72
71
65
64
72
81
86
71
74
62
46
102
160
158
177
164
161
66
159
125
132
108
81
98
46
93
114
87
146
162
200
234
149
141
212
92
62
100
105
74
74
73
73
73
73
74
74
63
64
64
65
65
65
65
65
57
60
60
57
56
59
59
56
61
59
57
55
55
55
53
52
56
58
60
60
58
57
57
58
64
66
66
63
63
66
67
64
57
57
58
59
59
60
60
61
72
76
75
72
65
56
73
109
83
80
75
71
69
70
71
73
74
79
82
82
86
95
102
104
79
95
110
97
91
79
82
145
170
206
82
102
149
126
86
133
102
84
129
153
114
89
123
155
212
111
73
143
116
115
101
41
55
55
56
56
56
56
55
55
62
61
60
60
60
61
63
64
66
69
69
66
67
70
70
67
57
59
61
62
62
63
65
67
57
60
62
63
63
63
64
65
65
67
67
65
67
72
75
74
88
90
92
94
96
96
96
96
77
87
89
90
93
91
98
117
108
109
109
109
109
108
108
107
113
115
115
111
111
112
109
104
102
103
98
90
109
109
83
90
92
73
66
69
36
18
54
58
91
89
91
116
118
72
121
116
156
118
94
103
90
88
91
60
60
61
62
63
63
62
61
60
59
59
59
59
59
60
61
61
54
58
60
59
61
66
68
65
69
73
78
81
81
83
87
91
85
88
90
91
91
91
92
93
95
98
100
99
101
106
108
106
101
103
105
107
108
107
105
104
112
114
109
112
127
126
107
95
96
97
98
100
100
99
98
97
95
97
97
98
102
107
104
97
109
114
108
103
123
133
121
118
118
124
147
133
116
92
106
132
111
118
80
81
105
94
117
82
107
112
107
88
105
105
121
122
56
57
59
60
60
59
57
56
52
53
55
57
57
57
55
54
47
51
52
52
54
59
60
58
63
67
70
70
68
67
68
71
87
89
90
90
89
88
89
90
88
92
95
94
95
98
97
94
97
98
101
103
103
102
100
99
99
107
100
91
96
99
95
97
98
98
98
98
98
98
98
98
100
101
99
98
102
107
106
101
105
96
93
107
104
81
87
115
94
109
88
77
108
105
70
110
88
110
92
89
88
97
84
75
71
83
91
74
111
99
97
103
50
51
51
52
52
51
51
50
57
59
62
64
65
63
61
59
67
70
70
68
68
71
71
69
83
86
89
90
90
89
89
90
75
77
78
77
75
74
74
74
68
72
74
71
72
74
73
69
70
71
73
75
76
76
75
75
69
79
76
72
78
82
85
95
80
79
79
78
78
79
79
80
82
82
78
72
70
72
70
66
78
74
63
74
76
65
68
63
81
55
60
79
54
80
75
60
67
68
72
85
76
89
65
94
77
78
89
66
82
65
59
76
67
67
66
66
66
66
67
67
60
61
63
64
64
64
63
62
63
65
65
62
62
65
65
62
57
58
60
64
67
68
67
65
71
73
74
74
72
70
71
71
77
78
76
71
71
75
77
75
80
80
80
80
80
80
79
79
78
79
74
76
84
76
64
64
72
73
74
74
75
75
75
75
64
69
72
71
74
80
84
84
55
85
85
77
66
74
93
71
72
84
84
93
79
81
81
80
95
72
72
76
77
81
70
86
98
72
77
66
83
93
84
83
68
67
66
65
65
66
67
68
72
72
71
71
71
72
73
74
68
72
72
70
71
75
76
73
75
73
72
73
75
73
68
63
66
68
70
70
69
68
68
69
70
70
64
58
57
64
69
70
71
69
67
64
61
59
58
58
61
66
66
69
74
66
64
78
65
67
71
74
75
75
73
72
69
75
79
75
72
74
75
74
80
77
63
78
76
70
84
66
73
75
65
67
69
67
84
71
66
62
76
62
70
66
80
66
70
61
90
79
61
71
64
61
102
102
102
101
100
99
98
98
95
96
98
101
103
104
105
106
102
100
99
101
104
106
103
101
98
99
100
102
103
105
106
106
103
104
104
105
106
107
107
108
104
105
106
107
108
109
110
111
109
105
103
108
119
126
121
111
121
121
121
121
121
121
121
121
122
124
124
121
118
118
122
126
132
130
127
123
122
124
128
131
120
121
122
122
123
122
122
121
124
124
125
126
127
127
127
126
124
126
128
127
124
123
125
127
127
123
120
123
131
134
128
119
90
90
90
90
90
91
91
91
86
87
89
91
93
94
95
95
95
94
93
95
98
98
96
94
94
95
95
97
98
99
100
100
96
97
97
98
99
100
100
100
102
102
101
101
100
99
98
98
105
108
108
103
99
102
109
116
99
99
99
99
100
100
100
100
99
102
104
105
103
103
105
107
95
100
107
112
114
113
110
109
117
117
117
117
116
115
113
113
110
112
114
116
118
120
121
121
113
115
117
116
113
112
114
116
120
114
113
116
111
104
108
119
93
94
94
95
96
97
98
98
97
98
99
100
101
101
101
101
103
103
102
104
106
106
105
103
107
107
107
108
108
109
109
109
105
106
106
107
108
109
109
110
114
114
115
116
118
119
120
120
112
108
108
113
119
116
105
94
118
118
117
117
117
116
116
116
116
119
122
122
120
118
116
116
123
122
120
118
117
118
120
121
114
115
116
118
120
121
121
121
121
121
120
118
116
113
111
109
112
113
115
115
115
115
117
119
120
121
123
125
128
128
125
122
87
87
88
88
89
90
90
91
89
89
90
91
91
90
89
89
89
89
90
90
91
91
90
89
96
96
96
96
96
96
96
96
93
93
94
95
95
96
97
97
87
88
89
91
92
94
95
96
91
93
96
96
92
91
100
110
93
94
95
96
98
99
101
101
105
106
108
109
108
107
107
106
97
94
91
91
96
104
111
115
107
107
107
106
104
102
101
100
108
109
111
114
116
117
118
118
113
113
113
112
111
110
110
110
100
112
109
94
95
112
116
106
86
86
86
86
86
86
86
86
95
95
96
96
95
94
93
93
91
92
93
93
93
92
92
92
81
81
81
81
80
80
80
80
79
79
80
81
81
82
83
83
98
97
96
94
91
89
88
87
102
96
94
99
100
92
83
79
85
85
87
89
91
93
94
95
97
96
95
95
97
98
100
100
105
105
106
107
107
103
96
91
95
97
101
105
108
112
114
115
105
106
107
108
108
108
108
107
99
98
96
95
94
93
91
90
94
108
118
114
104
99
98
97
88
88
88
87
87
87
87
87
73
73
74
74
73
72
71
70
69
71
73
72
71
69
69
70
81
81
81
81
81
81
81
81
81
81
82
82
83
84
85
85
84
84
83
82
81
80
79
79
77
75
79
87
89
86
91
100
112
111
109
105
102
98
96
95
93
89
83
78
76
74
72
71
74
73
74
78
85
89
89
87
89
90
92
94
95
96
96
97
104
104
103
102
101
99
97
96
102
102
103
107
112
116
118
117
131
98
83
96
105
98
101
118
76
77
77
78
78
79
80
80
83
83
84
84
84
83
82
81
80
82
84
83
81
79
79
81
77
77
77
78
78
78
78
78
77
78
78
79
80
81
81
81
80
81
82
84
87
89
90
91
76
95
111
100
77
89
156
225
201
200
198
196
194
192
191
190
189
185
180
177
175
172
168
165
179
169
154
144
140
139
136
134
127
124
117
109
99
90
82
78
71
73
76
79
83
85
87
88
89
87
87
89
93
95
94
93
96
103
134
173
182
148
106
82
81
82
83
85
87
88
89
90
87
88
89
89
89
88
87
87
83
86
88
87
84
82
83
85
84
84
85
85
86
86
86
87
84
85
85
86
87
88
88
89
90
91
91
92
93
94
94
94
103
95
92
95
92
89
98
113
131
134
141
149
157
165
171
175
179
179
181
187
193
196
195
193
129
132
141
158
177
190
195
195
192
194
196
198
200
201
201
202
203
200
195
189
181
173
167
164
153
147
138
130
122
114
105
99
75
131
169
152
119
102
94
85
76
76
76
76
76
76
76
76
75
75
74
73
71
70
69
69
71
71
70
69
67
65
63
62
68
67
66
67
70
71
70
69
72
70
70
71
75
77
78
78
77
75
72
72
72
72
70
68
78
76
74
72
72
73
75
76
69
70
72
75
78
82
85
87
104
107
113
120
126
130
132
133
29
25
58
154
184
183
164
184
173
178
180
173
163
159
163
170
168
172
177
181
185
190
195
198
212
212
213
215
218
222
225
227
220
211
199
194
195
196
194
191
77
77
77
77
77
77
77
77
86
86
85
84
84
83
82
82
77
78
78
78
77
77
75
75
78
77
78
81
85
88
88
88
97
94
90
87
86
85
82
80
87
84
81
81
83
85
87
87
91
90
90
90
91
94
96
98
104
103
102
100
100
99
99
99
88
88
89
89
88
85
83
81
103
101
86
96
94
116
115
121
135
143
153
160
165
173
185
195
184
184
183
180
176
172
172
172
151
152
152
152
152
150
149
148
164
167
171
177
184
189
192
193
87
87
87
87
87
87
87
87
84
84
84
84
84
84
84
84
87
88
89
90
91
91
91
90
97
94
90
88
86
84
80
77
85
85
88
93
100
106
110
111
110
105
99
95
94
95
95
95
90
90
90
91
92
95
98
99
106
104
102
99
97
95
94
94
101
102
103
103
102
100
98
97
90
112
111
105
94
113
106
94
91
92
93
92
91
91
94
96
105
111
120
129
139
148
157
163
188
189
191
192
191
188
184
181
181
182
181
176
168
161
157
157
78
78
78
78
78
78
78
78
76
76
77
77
78
78
79
79
77
78
79
80
81
81
81
80
82
82
83
86
90
94
95
94
95
93
92
92
94
96
96
95
99
95
89
85
84
83
82
80
87
86
85
85
86
87
88
89
88
88
87
87
88
89
90
90
92
94
97
100
103
105
106
107
99
102
102
103
96
95
95
99
103
101
99
98
97
96
95
93
87
87
86
83
78
75
74
74
74
80
90
103
115
125
131
134
150
151
154
160
168
178
189
195
77
77
77
77
77
77
77
77
79
79
80
80
81
82
82
82
82
82
83
83
83
82
81
81
83
84
85
89
95
99
101
101
98
95
91
88
86
83
80
78
84
83
84
86
89
90
89
87
92
92
92
92
92
92
93
93
94
94
94
95
96
98
99
100
94
95
96
96
97
97
97
97
116
102
98
100
100
89
93
102
96
95
96
99
104
107
107
106
103
105
107
107
107
107
109
111
107
105
101
97
93
90
88
86
89
85
81
84
91
98
100
100
85
85
85
85
85
85
85
85
82
82
83
83
84
84
85
85
91
91
91
90
89
88
87
86
88
86
84
83
83
82
79
77
80
79
79
81
85
89
90
90
88
88
90
93
96
96
94
91
89
90
91
92
93
94
95
95
100
99
97
95
94
93
93
93
102
102
101
100
99
98
97
97
86
88
101
100
113
106
103
92
99
97
96
95
95
93
91
88
97
98
99
97
95
93
94
95
98
98
98
99
100
103
106
107
99
97
98
106
115
119
115
109
73
73
73
73
73
73
73
73
77
78
78
78
78
78
78
79
75
75
76
75
74
73
72
71
66
65
66
69
74
77
78
78
84
82
80
79
80
80
80
78
81
80
79
79
80
79
77
75
82
82
83
84
84
84
84
84
87
86
84
82
81
80
80
79
79
79
78
79
79
80
81
81
86
83
87
69
82
78
88
79
82
83
85
86
85
84
84
84
79
81
84
86
87
88
91
93
87
87
87
86
85
84
83
82
90
90
91
93
95
94
89
84
72
72
72
72
72
72
72
72
72
72
72
72
72
72
72
72
74
74
74
75
74
74
73
72
79
77
75
75
76
75
73
72
78
76
74
74
76
77
76
75
79
78
76
78
81
84
85
85
84
84
84
83
81
79
78
77
79
79
79
79
80
81
82
83
85
85
84
84
84
85
85
86
86
76
86
79
91
74
86
89
84
86
88
87
84
82
81
82
86
87
88
88
86
85
86
88
84
86
88
90
90
88
86
84
85
86
87
87
86
89
93
97
69
68
67
66
66
66
66
66
71
74
76
76
75
73
73
74
82
80
78
77
77
77
75
73
70
70
71
72
73
73
72
72
73
74
75
76
77
78
78
78
76
76
76
76
76
76
76
76
73
74
74
75
76
77
78
78
80
79
79
79
79
80
81
82
82
83
83
84
84
83
83
82
87
87
87
87
87
87
87
87
88
89
90
89
87
86
87
88
86
85
85
85
87
87
86
85
85
87
89
90
91
91
90
89
87
86
86
86
86
87
88
89
75
75
74
74
74
74
75
75
74
76
79
79
77
76
76
76
79
78
76
76
77
76
75
73
74
75
76
77
77
77
77
76
74
75
76
76
77
77
77
76
76
76
76
76
76
76
76
76
77
77
78
79
80
81
81
82
81
81
80
81
81
82
82
83
85
86
86
87
87
86
86
85
86
86
86
86
86
86
86
86
86
87
88
88
86
85
86
88
91
90
89
89
89
89
88
88
85
86
88
90
91
91
90
89
87
87
87
87
87
88
89
89
72
72
72
73
74
75
76
76
74
76
78
78
76
75
75
76
76
74
73
74
76
76
75
74
76
77
78
79
79
79
79
78
77
77
77
76
76
75
75
75
76
76
76
76
76
76
76
76
78
78
79
80
80
81
82
82
81
81
82
82
82
83
83
83
86
86
87
87
87
87
86
86
85
85
85
85
85
85
85
85
82
84
86
86
85
86
87
89
93
92
91
90
89
88
87
86
85
86
88
90
91
90
90
89
88
88
88
89
89
89
90
90
64
65
67
68
70
71
72
72
70
72
73
73
71
71
71
73
72
71
71
72
74
76
75
74
75
75
76
77
78
77
77
77
80
79
78
76
75
74
74
73
75
75
76
76
76
76
77
77
75
76
76
77
77
78
78
78
80
81
81
82
82
82
82
82
82
83
83
84
84
83
83
82
83
83
83
83
83
83
83
83
81
83
85
86
86
87
90
92
90
91
90
88
84
82
81
82
84
86
88
89
90
90
89
89
88
89
90
90
91
91
91
90