112
92
111
119
115
104
97
85
78
84
89
110
132
147
146
127
119
133
143
138
132
125
127
146
152
136
127
106
94
115
142
154
107
120
147
160
137
109
121
138
138
139
122
113
135
149
166
154
111
115
139
107
130
128
114
136
152
171
208
159
160
158
132
105
90
119
131
155
184
149
101
95
100
111
141
130
120
115
109
101
104
114
145
165
137
127
90
143
134
120
148
83
92
125
125
114
101
97
99
102
107
112
117
117
108
98
108
131
133
177
193
135
118
139
110
122
110
85
77
82
95
111
129
137
135
124
113
102
104
118
140
133
136
141
144
159
175
177
126
118
100
97
117
152
117
113
126
133
122
117
135
142
140
149
110
149
162
151
167
134
87
130
134
119
118
120
129
133
133
155
182
169
182
161
119
96
96
128
211
207
206
164
125
121
112
106
134
134
128
126
127
112
106
120
149
153
151
118
110
103
115
116
137
91
100
123
123
113
98
100
100
96
101
114
117
108
101
102
99
118
113
145
167
135
131
151
110
119
105
85
93
114
131
143
126
125
115
95
80
81
99
117
137
124
125
129
123
125
138
145
141
133
114
107
110
142
120
111
116
115
114
125
140
136
135
150
120
123
120
134
176
158
98
99
120
126
104
117
145
131
126
147
157
159
163
133
106
106
112
130
182
168
163
135
121
138
140
138
136
144
117
103
135
146
122
111
120
139
158
128
132
93
100
111
117
98
109
119
120
110
90
94
100
91
94
110
112
98
92
98
94
113
105
118
140
136
142
155
117
117
107
112
137
149
139
131
92
88
92
90
75
76
104
133
148
133
126
122
117
119
120
111
147
130
124
139
120
125
117
122
112
117
124
133
138
137
142
155
143
109
122
145
131
114
105
93
120
131
110
127
139
118
129
139
152
156
143
113
100
108
119
134
147
140
145
122
109
132
147
157
143
139
106
103
137
125
95
106
111
142
138
119
109
86
77
104
97
96
106
109
119
118
95
98
102
95
94
103
109
105
97
93
103
124
119
112
124
135
141
146
124
122
122
137
153
138
107
94
85
75
92
107
88
78
110
146
143
133
123
119
130
152
147
116
138
122
129
155
117
111
121
127
99
121
139
138
135
146
153
149
149
110
113
139
123
107
124
132
135
136
128
136
112
97
126
120
157
172
158
132
111
97
111
138
141
136
145
124
107
123
135
146
141
128
114
136
142
86
82
159
206
195
158
134
123
95
96
144
97
93
94
89
106
120
105
107
98
99
95
93
108
124
115
93
120
135
135
114
112
127
133
137
119
130
135
137
133
111
92
92
92
75
93
112
91
85
119
149
140
132
120
112
129
162
157
118
138
129
139
161
107
105
126
116
96
124
145
133
121
136
137
110
124
115
81
115
175
159
127
129
133
128
132
124
90
95
126
114
157
172
153
144
138
112
111
126
127
117
126
114
108
124
129
134
134
135
122
126
141
138
166
231
219
168
143
126
137
77
88
129
113
93
85
72
81
103
97
94
88
96
91
84
103
130
124
96
129
129
132
110
103
119
124
131
119
141
138
113
103
104
106
110
89
74
89
101
88
101
132
139
153
141
129
119
126
151
154
131
128
109
126
171
117
105
128
112
117
129
136
118
104
121
118
80
107
153
125
121
153
128
101
106
121
122
121
96
89
115
122
117
151
170
141
137
147
126
118
119
138
125
131
117
106
118
121
126
130
137
122
113
138
171
186
193
155
126
124
132
141
107
99
106
107
82
87
83
83
104
103
93
94
101
98
92
105
125
123
106
125
109
119
112
108
119
112
117
132
154
134
89
82
107
116
109
89
79
91
95
88
116
141
123
139
126
119
115
117
135
152
150
99
61
91
180
138
108
130
123
141
132
125
107
99
123
125
89
119
168
150
112
91
94
120
114
122
130
117
75
97
131
109
113
146
185
158
137
132
111
118
129
125
119
130
112
93
103
116
132
127
117
125
147
143
109
83
80
87
105
95
120
100
136
105
83
80
62
91
108
109
132
134
119
115
117
115
113
117
124
125
120
115
91
111
119
121
124
102
101
152
128
111
91
71
86
108
104
88
67
79
106
91
138
155
123
111
150
122
107
99
100
148
154
95
76
111
172
175
133
115
123
135
137
105
87
111
115
96
96
113
97
120
112
81
90
108
117
141
118
94
79
120
115
109
104
117
185
183
161
112
109
106
105
139
117
128
128
100
123
109
116
135
128
117
110
109
80
105
83
83
111
121
82
106
114
114
130
134
172
165
180
174
152
159
125
138
105
117
115
90
100
117
108
124
111
121
130
161
163
126
139
138
123
115
91
54
57
98
126
97
86
99
142
136
144
126
104
113
140
118
120
118
106
138
144
90
85
132
184
169
130
120
124
125
125
103
92
111
112
87
73
89
97
102
90
96
105
103
128
128
94
83
110
149
132
105
91
114
176
164
170
144
123
111
94
131
127
126
135
97
107
122
118
128
123
117
114
130
165
143
97
67
117
145
93
93
100
103
104
162
158
112
107
102
90
108
88
70
81
79
75
117
121
102
98
82
91
93
101
103
125
154
221
113
113
110
86
57
63
93
109
117
138
124
127
138
155
110
76
117
132
116
132
135
114
129
132
104
76
122
187
171
125
119
130
126
116
103
102
118
125
106
81
93
115
141
123
102
108
119
143
103
82
97
148
145
114
90
96
130
180
162
169
143
104
103
108
124
126
106
125
100
119
148
119
122
114
114
106
103
155
110
81
86
118
149
104
94
99
109
109
122
109
68
75
88
89
108
93
77
101
97
81
131
123
101
86
66
85
85
114
111
113
139
185
138
130
104
74
80
118
141
134
108
133
90
82
124
149
93
67
121
131
118
129
135
120
126
127
130
55
84
180
186
133
123
141
142
122
107
105
116
132
124
98
117
110
170
163
95
108
139
122
92
87
110
155
119
100
97
119
149
168
169
176
161
126
116
139
120
127
110
111
95
136
156
117
124
117
129
125
92
98
99
127
172
146
148
114
101
90
96
101
100
108
93
97
102
99
103
83
77
83
105
96
99
84
103
77
87
83
72
100
122
112
145
160
90
102
111
119
133
139
126
110
105
98
56
92
149
139
73
80
125
135
121
116
122
123
128
128
126
52
72
170
195
153
134
142
149
128
109
100
104
118
115
93
120
92
138
147
104
121
128
85
100
102
112
131
101
113
122
131
154
133
166
183
191
165
111
106
126
136
133
106
94
147
133
105
107
110
125
134
115
87
143
182
176
141
139
110
104
94
97
98
100
124
121
102
86
84
89
75
97
89
96
93
74
53
94
92
80
73
81
92
123
98
146
146
157
156
152
149
137
119
137
181
161
155
120
142
169
152
93
93
128
132
118
106
116
125
126
126
98
74
94
154
184
166
138
124
128
122
106
96
103
113
110
100
121
116
130
132
134
131
103
92
100
126
131
110
84
105
122
123
129
106
164
189
195
180
148
126
135
130
116
103
129
174
113
85
107
113
115
116
120
96
142
134
95
108
128
94
99
107
109
102
83
110
119
102
86
88
94
91
67
105
120
162
161
112
95
89
70
62
89
104
138
121
136
110
151
165
160
146
130
111
122
160
179
201
185
174
157
157
125
111
131
120
108
108
124
129
117
119
105
110
114
141
176
170
132
111
112
123
109
98
112
121
121
129
141
137
141
141
150
136
104
112
104
142
145
96
85
101
121
118
112
109
159
194
185
178
220
183
122
123
95
124
173
171
98
84
132
133
132
122
114
112
113
88
78
108
127
84
94
99
95
95
95
98
111
114
109
99
85
82
77
99
84
132
123
139
175
187
132
94
84
98
125
163
151
120
123
149
135
107
119
137
134
130
120
146
168
183
145
134
126
134
132
108
99
114
137
131
108
112
146
140
121
139
185
174
130
116
117
135
117
98
115
123
126
148
161
111
119
141
143
146
126
101
121
142
130
81
110
132
142
124
142
137
146
181
156
131
198
116
94
133
111
164
188
125
75
102
123
123
140
135
105
123
100
108
94
106
109
77
102
101
100
122
108
83
88
111
121
105
80
81
77
79
85
145
82
137
214
198
219
170
127
126
111
172
129
103
113
115
125
132
137
151
161
154
122
120
133
133
120
128
134
116
105
109
119
124
133
133
125
140
125
120
74
143
171
174
133
123
129
158
119
86
128
151
166
118
75
79
107
114
107
142
159
120
124
179
148
112
127
129
133
153
181
145
146
122
104
149
157
112
104
137
155
159
156
113
96
127
109
112
139
115
112
112
111
95
110
107
94
83
77
76
100
139
122
97
91
114
127
110
88
79
67
88
83
100
92
61
176
242
225
222
197
154
125
126
143
154
121
131
139
141
142
148
161
175
155
132
128
132
126
128
130
116
104
108
115
122
138
145
139
142
110
83
41
104
172
177
137
106
138
157
134
118
152
171
200
161
104
96
106
124
129
133
150
166
150
162
132
129
137
110
112
147
139
139
139
102
93
135
146
131
115
154
155
144
132
119
107
130
114
106
119
91
98
108
113
103
102
92
84
96
122
133
132
134
126
126
110
93
105
125
111
76
76
73
83
87
75
50
78
115
133
193
217
174
137
156
199
223
102
127
139
147
160
156
149
160
173
135
116
121
123
122
119
110
110
114
114
119
134
145
140
126
128
113
93
125
175
158
131
112
126
136
132
128
138
142
176
136
135
182
148
131
163
107
68
148
158
141
115
129
131
102
116
149
137
150
127
72
87
145
149
135
126
170
151
128
105
127
119
134
114
116
127
80
66
67
87
103
106
120
135
150
161
163
152
139
155
158
130
91
99
139
148
122
86
55
72
74
79
92
49
61
106
127
163
201
226
234
229
223
101
129
125
126
162
174
153
146
161
137
117
114
116
117
113
105
103
110
108
113
121
132
134
110
129
108
84
124
184
185
138
108
125
136
145
137
121
115
148
93
101
112
147
155
126
126
148
146
150
142
123
119
110
107
134
144
141
137
115
67
75
131
139
120
127
168
142
125
94
132
124
134
109
118
131
87
78
83
112
143
117
135
150
145
136
142
149
143
115
145
170
160
122
97
106
128
106
86
87
66
52
103
105
155
209
192
197
227
241
227
218
225
107
126
93
62
101
144
145
138
139
145
136
117
113
116
111
102
83
97
98
109
109
118
135
109
110
107
87
137
172
191
130
113
131
143
151
131
106
110
148
83
111
91
123
137
110
139
167
125
146
155
148
133
108
109
136
129
128
98
124
130
103
111
130
134
121
153
135
129
96
128
120
129
130
119
112
79
102
117
131
149
139
125
111
97
98
128
146
133
112
101
116
151
154
125
115
130
118
101
83
115
163
235
237
234
242
247
243
227
213
209
213
215
101
117
83
39
60
109
124
118
121
146
142
116
107
107
100
93
83
95
97
114
103
104
131
104
107
131
131
164
158
173
117
126
141
144
136
106
88
102
146
84
88
97
87
110
163
160
126
128
127
146
156
157
131
114
130
130
112
58
113
175
148
120
125
139
117
141
133
128
95
115
111
116
143
131
118
86
119
131
136
154
180
163
154
140
125
138
144
122
156
108
75
94
132
142
122
102
172
211
222
243
237
233
237
223
215
210
211
220
223
218
214
215
110
116
100
80
93
122
123
103
115
134
125
104
101
96
85
86
92
98
97
120
104
96
127
99
90
104
113
139
161
181
131
132
155
146
123
98
92
101
141
90
98
85
112
150
147
124
101
80
95
127
144
153
139
122
134
138
101
70
103
136
132
127
121
123
121
140
139
115
84
97
104
100
122
127
134
120
164
174
174
194
196
198
214
195
143
126
131
118
105
139
171
184
197
216
225
223
231
242
235
227
226
216
229
215
238
220
217
226
217
201
215
249
116
99
90
97
115
132
118
84
118
124
108
96
102
93
80
88
90
91
89
122
108
98
134
105
64
94
133
134
151
155
137
157
144
127
102
92
98
97
129
87
81
113
137
141
124
86
68
84
76
122
134
132
127
125
137
135
110
140
146
100
94
132
141
139
127
145
145
101
71
85
101
89
114
116
125
128
191
196
169
166
172
172
187
165
105
91
114
118
138
188
228
230
226
236
239
231
227
224
231
215
228
219
223
211
222
222
219
218
225
233
226
213
114
117
99
105
114
107
115
119
130
107
109
95
79
90
89
80
108
84
109
136
116
112
122
106
95
110
132
123
133
132
152
155
105
71
77
86
84
94
135
93
106
100
107
116
127
91
103
101
92
88
128
124
104
121
126
130
137
133
141
115
94
120
126
113
130
148
155
106
87
74
87
77
96
117
134
88
70
104
108
107
103
77
86
64
102
173
183
228
241
222
234
220
218
237
224
221
225
230
226
208
217
203
226
211
227
216
216
227
228
216
211
216
129
118
105
131
143
116
115
127
120
101
100
85
79
89
79
72
114
92
105
123
109
107
123
126
119
118
118
104
131
141
144
122
113
69
65
103
84
70
147
103
76
99
122
123
114
70
71
57
77
92
98
101
115
116
109
118
138
119
115
111
114
153
142
119
132
151
152
122
87
89
88
73
108
121
125
96
80
66
53
92
45
136
232
229
225
245
228
236
232
221
231
232
225
223
217
222
217
210
216
218
237
222
229
222
215
216
205
195
207
225
214
186
132
122
109
136
151
126
119
124
108
100
97
87
94
96
67
59
90
90
101
113
112
108
114
122
121
124
119
102
142
155
138
95
132
110
72
109
112
87
166
124
84
114
129
118
102
68
67
49
74
132
117
90
107
101
88
103
120
115
117
122
109
144
135
134
129
151
150
132
73
85
83
72
109
98
134
123
66
63
94
114
183
234
250
220
211
230
237
233
230
227
223
232
219
196
203
214
236
209
213
214
225
210
206
214
219
200
201
221
221
201
199
219
116
124
107
113
130
129
125
110
99
101
101
95
111
104
58
46
65
88
93
91
106
112
108
111
94
117
120
98
134
139
113
68
120
150
107
100
116
99
158
140
103
117
114
109
101
85
86
70
82
141
134
79
95
126
108
107
113
121
126
130
107
134
129
149
122
140
149
128
68
70
80
77
89
91
113
104
103
177
230
208
235
240
218
228
239
224
221
209
224
232
212
220
214
191
211
221
218
203
216
214
213
208
207
230
209
221
229
221
211
208
210
211
104
117
103
106
122
124
122
105
101
104
104
97
112
105
62
51
69
98
87
67
90
116
117
116
107
128
121
92
127
129
108
78
107
130
132
105
83
78
134
127
81
89
84
96
88
77
84
86
136
126
126
79
92
150
126
102
136
124
113
121
134
165
147
149
128
129
144
119
87
62
72
65
92
212
227
185
215
243
234
237
219
233
220
241
234
198
219
239
206
228
208
214
223
217
233
234
205
216
230
224
205
202
208
229
224
221
212
205
206
209
204
195
103
111
104
122
132
116
113
113
108
104
106
97
105
108
83
79
77
104
98
81
99
120
118
115
127
128
102
78
125
131
122
115
151
101
120
123
85
90
143
96
58
69
59
68
48
49
78
107
155
113
121
100
90
134
143
132
147
127
114
110
152
177
153
138
147
134
137
117
112
65
59
59
86
215
249
228
236
225
217
236
216
234
220
226
223
199
204
202
199
224
215
214
230
226
219
216
215
227
206
203
179
179
202
216
226
201
194
210
212
198
206
231
101
115
111
121
123
107
110
114
95
88
102
98
96
109
102
99
86
101
108
109
111
107
105
113
109
104
83
73
123
114
104
117
170
127
102
114
117
115
150
83
53
70
51
51
30
50
87
116
105
115
111
103
79
107
172
166
125
119
124
101
154
165
151
133
147
144
136
134
130
90
90
137
239
237
214
218
226
232
245
226
238
228
192
184
208
226
226
212
214
226
224
215
225
210
179
191
209
206
153
187
189
193
224
223
189
211
218
205
201
218
228
225
94
126
117
101
98
102
114
108
67
63
91
95
88
103
104
98
106
99
104
113
101
83
95
125
103
111
108
108
144
105
84
106
124
173
100
82
125
102
127
89
44
71
54
59
47
77
96
99
97
157
108
84
61
78
160
115
103
102
119
91
162
171
162
136
125
147
138
156
143
127
153
255
218
233
208
221
241
221
216
217
202
207
204
200
210
216
213
218
229
226
228
215
220
199
160
192
222
210
146
218
238
220
228
199
203
193
198
218
225
211
196
193
98
127
117
92
107
121
102
81
67
67
76
87
95
107
105
87
101
86
101
122
104
80
94
123
108
117
125
154
128
113
136
83
120
150
115
95
108
94
142
110
89
76
64
50
70
88
72
69
142
147
100
91
59
123
146
130
114
106
111
116
129
149
153
153
121
137
123
165
219
223
231
230
225
224
228
231
219
204
205
216
214
178
205
212
203
221
223
225
213
218
199
197
222
219
206
219
175
191
208
215
215
213
208
203
212
212
209
195
170
146
135
136
111
118
111
109
117
103
78
74
58
59
69
78
88
110
122
114
95
89
101
112
93
75
89
115
109
99
97
128
115
113
152
123
127
119
131
102
109
127
143
126
100
72
53
46
74
104
101
108
159
118
134
120
88
150
167
152
114
139
78
125
124
86
167
154
136
91
151
228
223
224
240
226
227
231
231
224
215
209
206
203
189
198
228
218
200
224
229
204
160
161
219
222
159
182
214
156
191
212
230
231
223
218
220
224
198
172
141
122
115
110
106
105
113
111
109
119
121
92
64
62
61
61
67
71
81
111
134
133
94
94
102
106
90
75
86
109
96
95
105
135
113
102
142
133
136
110
118
96
101
133
154
143
110
117
130
111
93
98
111
142
158
113
171
154
145
154
101
101
120
125
116
106
115
106
110
167
133
82
178
248
220
226
233
222
230
233
226
213
212
220
218
206
230
200
203
238
237
220
220
206
152
174
207
200
177
207
234
211
217
217
217
220
221
210
181
153
144
133
120
110
99
87
81
80
102
107
112
117
114
95
70
56
65
63
64
64
75
105
126
121
97
93
97
107
102
81
84
109
79
105
132
141
101
85
123
128
130
133
94
92
108
117
151
135
103
114
135
124
119
140
147
153
144
123
133
125
161
146
60
115
134
91
121
130
109
129
135
120
149
165
208
220
223
230
218
221
230
224
214
208
216
228
230
222
221
231
218
217
199
188
202
174
176
211
202
201
231
208
185
221
221
235
243
230
203
179
162
153
140
127
112
98
89
85
92
101
103
99
108
121
115
94
76
66
57
54
55
58
74
105
117
102
91
82
82
105
113
86
77
105
84
116
133
117
83
93
134
140
123
149
101
88
111
111
111
111
79
90
107
87
88
138
162
158
143
129
93
128
156
138
69
120
115
97
102
108
130
136
121
147
201
252
233
216
233
228
221
220
226
213
207
216
226
225
221
219
222
216
180
173
175
189
220
207
213
204
208
220
210
188
196
225
247
229
209
204
212
211
187
161
140
112
84
77
84
89
86
83
115
89
102
134
125
90
78
85
56
55
58
64
83
115
122
100
73
71
71
93
110
85
71
97
108
127
129
107
100
129
150
139
139
142
120
66
72
105
65
97
78
94
120
94
80
126
155
150
152
117
91
164
135
115
86
78
80
101
101
97
111
102
131
231
228
246
225
232
231
217
233
221
221
211
213
227
230
216
202
200
169
171
185
223
229
201
193
196
226
203
205
212
209
228
253
253
213
221
224
212
193
176
163
154
114
96
76
69
69
67
63
61
114
88
105
140
129
99
93
96
76
76
77
76
87
113
118
95
55
76
77
82
98
87
75
93
122
127
128
115
123
147
145
127
148
138
133
75
43
92
64
75
96
83
108
119
133
172
168
136
149
101
94
155
115
101
111
89
80
90
69
122
83
98
254
226
224
213
216
230
221
213
224
223
219
219
221
223
221
212
203
198
179
220
237
192
158
166
185
210
198
222
219
221
249
250
223
213
223
216
206
199
194
176
142
112
121
104
82
61
49
52
70
89
100
94
116
135
125
117
112
97
98
98
93
80
78
97
100
78
47
88
90
76
90
91
83
95
118
116
117
108
117
136
135
131
133
144
143
124
59
86
90
41
98
85
124
143
138
153
154
140
128
109
130
168
153
110
95
81
93
100
55
37
136
235
238
221
228
222
233
218
220
222
202
224
219
226
223
212
208
215
218
213
216
199
207
209
226
231
206
221
187
226
237
233
239
224
207
218
208
202
188
170
157
149
141
133
118
103
89
86
89
87
82
79
97
89
103
123
123
86
104
75
87
95
81
87
82
118
108
54
71
83
86
73
95
94
67
102
131
88
62
85
133
143
112
124
93
147
138
132
77
66
70
46
67
85
122
116
149
151
141
131
120
104
141
173
116
122
120
72
128
131
113
157
244
242
208
236
223
228
220
208
209
209
211
220
228
206
198
206
202
202
198
190
175
229
223
225
215
189
153
194
234
236
232
222
216
215
211
204
198
182
160
144
137
132
127
123
114
103
89
82
82
86
88
88
99
71
111
145
126
86
79
78
97
73
72
84
90
113
115
97
90
88
95
86
88
83
69
97
120
104
91
97
139
156
126
125
69
109
130
147
130
44
67
86
58
90
143
141
153
142
137
141
89
119
147
147
104
125
122
87
65
86
177
241
226
230
239
203
217
225
218
205
209
220
225
228
230
183
203
222
198
180
175
128
200
220
187
175
177
195
203
253
229
228
222
214
209
203
189
176
171
160
146
136
130
123
114
106
92
89
88
90
93
92
86
80
144
73
105
141
102
78
68
103
91
64
84
87
87
110
96
86
92
78
87
80
81
109
119
115
86
70
66
78
135
157
137
138
66
94
133
122
132
90
59
62
59
97
151
144
146
144
139
137
100
133
146
148
119
123
116
120
57
140
227
245
223
219
224
215
217
225
222
212
216
228
229
222
212
195
212
181
163
167
224
228
177
192
188
206
229
252
238
234
219
216
210
206
202
192
171
152
134
129
124
122
119
112
101
91
84
86
90
94
96
91
80
72
206
113
95
123
77
69
70
98
68
70
92
75
58
122
88
63
69
49
51
45
55
118
143
99
119
74
56
68
128
132
112
121
101
49
105
138
140
148
59
98
97
111
139
130
134
149
131
106
121
109
118
155
129
109
117
159
143
234
238
206
227
219
198
228
220
218
221
223
220
218
211
199
165
177
168
147
239
239
205
159
217
220
218
215
216
232
229
214
214
209
202
194
184
167
145
128
112
109
107
107
107
103
94
87
97
94
91
89
86
81
75
70
226
156
97
112
77
72
76
58
60
74
75
58
28
129
95
72
70
46
47
56
64
106
128
87
99
67
61
61
124
133
129
139
113
54
103
144
125
140
83
87
143
120
128
136
135
140
112
90
123
106
124
157
120
133
177
216
224
239
236
221
221
224
214
203
223
206
211
224
215
203
200
193
177
212
211
158
193
157
151
164
140
179
231
244
232
226
226
209
210
203
190
175
155
133
116
106
112
107
101
97
96
94
91
88
98
93
87
81
77
76
74
73
208
177
108
93
76
82
96
58
76
77
66
69
41
117
84
62
63
49
57
97
110
111
128
123
116
124
130
85
125
135
130
117
128
106
115
127
133
120
126
54
145
112
123
150
136
135
114
111
111
131
152
148
112
176
234
239
235
216
222
231
221
224
225
204
225
203
210
222
210
206
213
209
217
190
199
188
188
158
180
193
215
217
230
218
212
203
206
190
194
184
170
155
137
121
112
111
118
111
100
92
88
86
86
85
81
81
81
80
79
78
77
77
196
195
149
82
67
81
96
80
85
74
71
83
87
123
111
75
40
49
44
88
131
130
138
143
124
144
159
107
155
173
168
140
147
102
96
129
163
121
125
133
121
117
129
129
105
142
135
116
97
120
130
143
150
206
227
224
222
225
214
213
225
219
212
227
214
205
219
222
204
213
223
205
196
153
149
167
187
200
224
228
243
223
215
202
222
216
215
200
178
164
148
138
130
121
117
119
110
105
96
89
85
83
83
83
77
80
83
85
84
82
79
77
199
215
204
96
69
72
69
76
80
67
70
72
118
154
183
136
56
82
48
66
135
159
154
136
142
136
138
95
155
163
148
115
112
103
112
91
94
116
71
165
112
143
141
90
60
149
148
86
109
99
96
171
234
246
216
233
227
232
221
215
221
213
209
223
195
204
226
219
196
211
215
177
152
172
160
162
201
223
211
212
210
213
226
215
227
201
202
204
176
156
135
126
120
112
106
104
96
93
90
87
85
84
84
84
90
91
91
89
85
81
78
77
207
198
234
135
33
64
87
74
72
72
55
53
82
161
181
211
180
132
96
34
87
126
119
143
130
95
101
108
178
151
136
105
91
127
95
86
77
88
143
118
137
129
132
84
81
125
165
77
84
70
141
225
226
217
232
229
216
212
215
226
201
208
234
180
191
225
227
200
189
204
189
153
141
149
161
186
216
198
166
204
218
209
211
217
212
208
206
204
194
157
125
115
110
98
93
98
90
93
93
89
86
89
95
99
99
96
93
93
97
98
95
92
200
212
186
216
111
68
79
52
45
80
76
141
161
133
160
187
169
191
153
96
55
100
99
154
101
88
120
139
187
146
135
122
82
86
88
66
78
132
116
129
161
137
130
145
93
136
171
100
54
129
202
223
220
225
229
222
226
206
208
220
219
204
195
206
224
210
215
190
222
225
208
192
168
158
183
186
181
160
163
196
188
223
220
213
218
229
214
211
195
167
139
124
113
97
86
84
101
92
84
87
99
106
101
92
97
100
102
103
101
98
95
93
202
198
206
216
124
94
57
70
62
108
154
118
150
191
165
177
121
181
185
177
118
106
77
109
127
118
147
157
160
111
118
137
99
108
101
116
119
128
123
147
142
92
54
128
135
138
154
123
74
196
247
220
220
230
219
216
213
217
219
199
219
213
171
202
217
212
233
190
214
178
158
155
113
136
194
163
158
180
203
170
215
190
189
219
196
212
215
210
210
188
157
131
117
112
110
108
98
98
100
102
103
103
104
104
105
106
106
102
98
98
104
109
188
213
207
198
139
67
85
88
70
90
76
72
123
114
127
130
124
136
159
157
154
83
87
105
132
122
144
156
135
100
125
168
106
106
136
157
115
67
106
148
134
149
58
43
120
136
158
153
159
227
240
217
225
226
211
216
205
222
218
198
213
205
170
189
206
217
199
146
158
135
150
151
127
107
164
171
196
182
194
179
183
171
136
177
208
212
187
225
214
204
180
152
137
135
131
124
100
105
111
113
108
103
106
112
104
106
107
107
105
106
109
112
191
187
203
215
185
114
78
82
32
80
91
86
128
126
140
127
105
108
149
136
147
65
85
92
114
113
137
163
134
115
130
161
116
76
182
137
66
50
94
148
183
229
106
56
46
81
129
215
228
225
221
220
222
221
218
216
220
207
194
216
211
178
189
206
213
210
153
167
203
201
218
195
178
175
189
140
173
180
180
151
144
161
196
209
159
170
194
199
196
203
200
184
167
152
128
106
119
107
102
109
118
116
108
102
101
105
112
119
121
115
105
97
192
168
201
211
196
219
86
61
66
64
122
117
111
101
93
151
122
121
120
90
82
84
102
110
111
116
133
160
123
130
135
146
132
113
170
110
49
67
139
127
172
175
180
61
83
57
184
226
235
217
220
225
214
220
228
214
217
207
192
210
193
183
224
220
209
179
140
204
227
193
182
152
204
156
156
152
173
138
143
179
181
190
177
170
191
182
174
192
190
197
199
192
182
169
148
128
130
119
114
118
118
112
109
111
119
115
111
111
113
113
108
103
168
204
168
201
195
220
172
76
109
149
126
117
87
95
137
107
102
110
119
113
96
135
100
85
106
122
130
150
106
143
151
151
122
141
102
90
63
90
154
100
93
168
168
136
101
225
234
217
222
216
222
224
216
219
223
213
198
208
208
195
184
205
229
218
239
185
199
224
211
165
155
154
158
128
146
150
155
170
187
193
232
137
105
128
202
221
225
184
204
201
196
193
192
190
183
176
145
140
138
135
123
112
117
132
125
120
113
108
107
110
114
117
172
177
191
198
199
201
194
150
118
67
78
132
138
164
151
153
118
109
130
118
96
128
97
104
125
150
154
161
98
135
132
117
113
115
73
85
86
142
124
115
111
126
154
157
209
240
215
238
221
219
215
220
225
217
209
214
195
191
210
202
202
207
195
222
176
129
217
210
200
170
151
147
186
117
138
174
164
190
219
220
155
166
181
131
152
151
202
216
214
208
204
206
207
202
193
187
174
154
140
140
141
134
131
134
101
110
122
127
125
119
114
112
157
169
186
191
190
201
206
194
117
93
81
81
103
106
148
148
130
98
108
124
108
125
107
112
179
162
151
147
83
104
139
124
112
92
91
91
107
156
106
100
92
120
176
213
216
223
227
213
232
208
238
220
208
230
206
201
199
198
227
202
157
231
189
209
165
174
200
197
150
128
147
157
176
87
161
196
153
217
195
162
151
149
91
142
117
135
181
199
207
226
204
204
209
200
203
179
189
183
174
165
155
140
123
110
134
131
125
116
109
108
114
120
175
170
178
189
191
198
208
207
176
132
121
123
115
96
113
138
141
126
100
105
119
114
73
113
170
151
146
112
54
83
120
111
114
107
93
102
127
143
102
132
96
147
206
228
226
231
232
220
218
226
216
205
218
202
167
173
183
216
234
201
208
231
214
205
206
212
220
175
140
174
182
142
109
79
136
191
162
168
150
81
132
108
115
132
117
168
179
208
205
199
211
210
201
207
206
197
201
196
190
183
173
158
140
127
153
139
125
123
131
136
131
124
183
166
169
186
190
193
201
205
192
113
73
95
99
96
96
122
125
142
130
94
78
132
121
93
152
138
157
105
65
93
119
117
100
122
99
107
140
134
98
128
119
184
229
229
223
226
227
224
223
235
213
211
209
180
172
173
177
205
184
189
221
204
214
220
209
193
206
181
168
189
154
102
95
95
158
190
140
93
125
155
107
124
101
140
175
145
161
227
187
175
219
219
202
214
205
208
197
196
195
195
194
186
176
167
152
149
142
135
130
127
127
127
179
167
172
187
191
194
196
191
209
143
62
85
94
106
104
87
146
148
154
140
92
117
131
123
128
117
162
116
95
101
104
113
101
103
88
120
141
106
87
115
170
216
233
221
219
218
217
227
227
209
219
214
179
189
221
208
191
198
157
192
194
198
205
216
209
171
152
125
131
136
103
112
124
128
178
122
114
130
112
110
131
139
149
142
113
145
233
172
152
176
215
216
213
217
203
208
207
203
198
194
191
187
181
176
168
169
166
154
139
128
127
129
176
176
182
185
187
198
200
186
196
195
105
103
93
111
129
69
89
141
142
140
121
115
122
171
141
122
162
132
122
107
96
123
131
89
93
140
131
85
111
157
219
233
228
222
229
222
216
230
216
187
206
182
167
211
222
217
217
194
197
213
190
213
211
196
216
206
165
118
127
122
100
146
169
112
130
124
145
141
150
206
206
161
185
109
92
160
186
135
123
189
194
196
219
214
209
211
204
199
193
189
189
192
195
197
206
195
182
178
178
174
161
150
166
173
180
176
173
188
198
188
181
204
120
78
69
109
147
73
69
132
154
164
141
150
168
185
154
133
142
130
131
115
107
149
150
128
147
138
118
133
193
218
233
228
222
227
236
227
217
220
211
204
193
153
188
213
162
182
229
146
201
209
207
191
208
213
204
206
183
179
176
128
107
146
123
111
111
158
190
173
169
122
139
127
103
97
195
192
154
191
125
185
171
180
212
209
217
216
208
205
202
201
203
208
214
218
207
203
199
198
199
198
194
190
147
155
172
177
169
175
188
190
196
206
161
79
63
106
132
83
89
76
99
167
132
104
117
120
128
124
107
113
122
113
102
136
147
151
175
129
146
206
241
236
227
220
222
225
223
222
218
206
199
211
189
170
208
192
139
172
193
126
184
196
211
186
205
224
185
157
134
160
143
113
138
133
165
167
181
216
150
102
135
137
117
124
114
143
188
176
166
135
152
157
166
188
204
208
212
206
216
217
217
215
212
207
204
202
194
201
206
204
199
197
204
211
134
142
171
190
180
171
182
194
158
179
210
115
79
103
114
109
59
89
79
126
149
141
118
105
116
134
106
124
131
122
97
111
146
120
144
135
201
233
216
225
225
224
230
222
207
216
222
201
171
184
184
205
208
171
170
200
137
172
209
201
206
232
218
193
160
139
116
127
104
143
206
117
89
112
169
161
96
153
186
175
118
94
127
146
176
166
129
193
177
128
172
208
200
210
200
188
170
180
195
207
214
214
212
210
209
203
198
201
208
212
209
204
159
143
155
162
188
175
189
195
165
170
207
159
110
98
120
108
71
91
64
76
133
145
128
114
101
142
125
126
133
115
76
103
150
136
102
140
208
219
219
232
230
224
217
215
218
213
192
170
144
181
207
206
147
120
205
150
132
197
147
138
213
182
182
169
142
153
103
98
137
127
147
101
85
158
188
119
129
133
123
137
98
109
141
183
172
113
162
212
140
179
205
210
201
201
181
142
161
197
195
161
207
216
216
214
209
207
203
230
216
211
200
214
149
148
169
170
175
153
170
186
194
199
176
180
111
119
117
81
112
117
87
73
88
115
137
124
104
140
126
125
129
125
90
99
94
126
178
224
221
222
237
212
216
218
221
224
222
206
174
146
196
193
192
148
148
206
206
117
206
189
158
198
218
209
159
148
174
180
136
186
143
163
125
68
125
122
158
186
109
138
126
152
115
119
168
195
164
150
179
159
150
206
206
190
212
189
180
199
198
189
159
181
204
225
197
193
226
210
212
196
201
213
214
225
155
157
174
173
172
155
172
191
186
185
188
211
158
97
121
81
110
107
101
103
94
114
154
150
113
128
113
117
122
132
96
77
89
183
233
239
233
223
229
227
228
221
207
197
196
200
198
192
206
212
160
139
192
185
111
130
200
130
174
230
195
187
154
177
253
172
146
185
132
134
134
117
167
164
201
150
99
170
168
110
109
147
155
164
193
163
117
153
201
198
215
194
178
170
194
137
199
188
196
232
201
192
194
219
202
189
216
201
221
216
209
208
152
142
142
150
161
162
172
182
176
177
187
177
173
147
155
64
67
62
65
93
101
101
130
144
132
122
102
112
113
131
105
78
166
239
236
212
223
222
222
228
208
211
212
209
205
200
191
181
162
177
123
174
202
122
95
205
158
99
192
216
176
151
178
216
190
142
148
117
111
150
141
69
135
140
172
112
137
132
108
97
119
158
202
191
157
138
134
199
204
203
193
176
209
174
190
165
225
166
180
201
213
197
198
161
204
195
196
200
212
197
212
216
155
143
137
152
166
175
175
178
196
178
165
182
142
147
125
117
85
88
54
59
89
91
103
124
148
130
111
116
101
125
134
139
232
230
223
223
214
220
229
193
202
212
220
216
203
184
162
144
188
145
125
141
96
113
174
228
160
147
199
203
184
168
199
203
146
125
128
125
132
162
110
77
146
141
116
97
113
76
59
140
154
164
155
114
134
165
149
162
206
183
170
177
196
141
192
210
194
190
224
199
166
158
192
174
201
225
189
204
191
186
211
198
159
160
159
176
174
180
174
178
193
183
187
176
141
112
98
136
123
145
96
70
98
105
103
109
137
138
124
115
91
129
175
214
231
226
209
220
229
218
211
196
222
220
211
196
186
183
182
179
192
166
219
179
144
207
190
192
140
182
181
196
178
195
198
175
168
120
131
128
143
86
102
192
174
158
114
81
110
99
137
161
165
196
166
110
158
146
147
214
207
178
177
181
156
141
210
159
207
208
187
176
161
209
210
185
186
231
193
195
172
186
199
165
149
153
148
163
155
166
159
167
176
198
169
108
166
171
142
71
108
130
117
111
111
97
98
100
112
136
125
110
105
166
211
240
213
232
201
205
234
211
198
222
211
214
211
205
200
198
194
189
162
156
181
114
151
197
146
195
123
167
166
178
170
199
195
161
126
130
153
85
101
62
113
158
124
111
88
118
161
119
171
169
177
132
140
141
167
132
182
200
180
215
174
165
186
186
213
173
202
198
156
158
184
228
209
196
198
196
181
163
164
190
195
191
155
149
130
147
146
169
165
172
183
181
88
123
185
181
138
108
94
93
116
152
122
79
96
117
99
134
121
110
135
212
233
228
216
210
207
221
214
203
218
215
219
218
212
200
190
182
172
163
144
149
159
131
184
180
127
125
159
155
172
161
186
202
201
146
139
148
115
92
79
108
98
81
100
160
83
141
108
101
137
184
131
147
153
138
204
154
198
217
207
184
162
199
163
145
214
200
194
209
202
181
217
200
203
227
186
138
181
182
214
214
185
210
149
160
159
131
148
176
162
173
184
133
85
156
185
131
170
115
111
103
136
102
127
150
121
100
99
124
103
122
226
229
217
223
188
205
220
218
204
199
213
231
214
197
186
185
175
155
146
150
139
200
168
111
185
128
136
130
154
172
167
159
182
203
190
166
155
138
109
78
101
99
62
88
100
70
107
154
75
91
153
143
181
155
106
214
188
169
209
178
187
168
186
154
175
199
208
209
193
175
196
201
214
207
218
199
165
157
167
200
202
212
185
196
134
145
162
158
170
174
153
169
166
97
98
152
164
149
183
76
91
119
131
84
83
140
132
112
141
134
139
219
217
231
209
183
202
218
219
204
204
219
217
201
203
202
195
185
184
182
163
139
138
156
153
134
216
123
155
183
146
138
136
160
193
196
173
156
121
109
105
117
67
66
62
98
89
90
96
83
88
157
154
157
178
117
130
179
163
191
199
154
170
217
161
187
204
207
220
213
205
190
196
204
216
207
197
177
177
190
205
202
197
209
186
176
150
139
143
151
163
156
141
161
126
106
118
137
173
150
169
107
55
93
105
114
102
131
115
105
103
122
195
248
227
209
232
201
211
218
214
202
208
222
213
190
194
202
201
190
184
182
167
148
160
157
162
131
202
120
153
150
131
122
132
166
193
185
160
142
141
107
77
99
84
80
114
158
140
91
125
127
145
201
154
167
153
103
196
186
161
218
195
155
218
136
107
202
220
205
192
194
210
214
208
214
211
204
188
190
181
187
198
170
171
186
187
183
174
145
129
137
151
146
134
138
107
111
98
118
173
125
162
138
113
106
71
70
69
96
121
133
95
177
234
220
231
201
221
218
208
206
209
215
213
205
203
207
189
192
196
191
171
153
156
171
143
154
167
129
164
127
162
140
117
133
159
176
180
177
160
135
127
104
67
72
154
116
140
163
163
144
155
91
90
161
131
122
129
123
198
181
160
209
175
149
172
169
202
205
205
172
198
243
176
211
212
214
184
169
154
183
216
198
208
189
206
210
220
229
156
150
147
156
159
151
138
120
114
101
61
110
145
107
184
109
123
134
118
82
88
103
124
100
153
238
219
219
222
229
200
216
204
204
210
218
215
204
203
210
178
183
187
181
161
148
155
172
136
152
165
153
143
135
163
164
116
131
163
180
176
173
163
139
121
113
92
87
152
123
152
155
98
149
127
71
126
177
171
196
105
143
132
167
188
220
195
183
202
159
166
198
159
146
217
116
174
213
215
211
173
152
139
173
202
181
195
187
212
207
197
189
126
145
158
167
155
147
149
127
101
148
77
114
144
109
179
113
94
120
165
158
165
139
127
105
197
223
217
223
216
203
203
209
207
214
213
207
211
216
205
187
164
180
182
167
164
172
166
147
156
164
155
149
140
170
163
135
123
114
142
176
177
169
162
143
128
99
98
119
91
125
161
135
90
107
92
98
140
138
147
143
129
199
149
205
218
194
164
170
145
142
153
194
181
201
203
188
216
215
196
183
166
167
177
203
204
195
200
186
203
215
198
179
122
137
146
160
146
139
151
127
83
172
91
115
142
103
141
138
136
107
117
114
125
146
170
220
223
220
236
216
210
169
200
193
209
212
208
202
205
207
192
171
167
181
182
169
168
176
162
136
158
149
138
139
157
187
162
122
124
118
147
173
165
162
159
135
97
66
102
137
74
113
120
80
84
82
96
100
119
156
190
111
94
157
157
204
215
183
162
198
166
173
229
187
155
226
179
176
224
192
171
156
162
176
203
212
202
193
190
184
181
197
187
192
131
131
134
162
159
144
144
105
89
116
58
112
106
85
119
119
125
93
78
60
78
167
191
240
219
241
213
214
205
217
212
208
207
199
200
208
202
182
171
174
179
182
184
180
169
155
147
144
174
135
147
170
177
136
122
139
119
141
177
173
145
155
159
123
111
91
133
122
76
82
91
92
74
71
104
142
189
175
163
122
156
156
177
178
188
169
142
183
186
198
195
166
220
201
167
203
211
182
189
184
193
190
208
193
193
178
181
202
180
172
156
191
137
143
146
152
156
140
118
113
84
64
88
106
80
70
97
117
75
71
65
77
42
166
238
220
213
241
210
210
213
189
198
215
204
209
197
191
196
185
180
199
183
180
180
170
154
152
153
144
136
148
144
153
159
132
130
131
120
146
172
148
148
164
138
134
111
75
114
84
87
77
90
83
121
91
101
140
177
154
124
147
149
180
184
206
173
167
144
215
148
181
191
176
194
188
176
215
209
148
173
198
184
208
205
153
161
171
175
198
188
148
209
203
139
140
141
151
163
153
129
117
89
76
73
82
63
52
82
104
109
98
100
84
97
214
227
229
227
196
218
206
206
203
213
195
215
206
182
175
187
183
174
183
156
155
160
157
148
152
157
150
118
160
157
168
149
144
117
148
121
150
162
134
127
143
137
132
58
108
113
82
111
77
78
105
156
122
147
155
147
196
169
124
187
166
212
186
180
179
210
189
185
212
198
184
186
213
187
204
190
154
171
197
200
196
180
174
215
203
214
219
177
175
226
177
137
131
129
141
159
158
136
113
69
82
83
96
74
59
103
126
100
109
116
135
200
242
214
213
216
205
213
182
225
206
207
201
186
189
187
193
202
187
162
154
150
149
154
153
145
148
153
145
141
156
151
164
156
141
114
145
113
144
151
146
141
137
127
97
88
105
59
69
109
68
92
156
124
113
113
138
166
168
110
156
197
167
216
184
216
171
189
177
164
209
203
189
160
211
199
217
167
178
198
205
194
155
150
218
190
211
204
185
163
168
172
176
137
127
124
133
147
154
137
108
90
75
66
93
82
76
112
96
97
117
98
164
239
208
229
223
205
227
207
184
228
195
204
207
199
201
196
184
169
153
144
146
159
157
161
159
150
151
152
142
159
133
141
157
158
106
140
146
141
140
116
124
129
123
128
96
96
58
50
95
92
77
112
138
107
146
153
163
180
155
129
178
180
175
206
200
193
162
162
186
202
207
189
185
181
228
192
170
151
194
193
154
178
215
205
209
214
212
178
171
188
191
140
173
141
131
131
134
137
147
136
103
80
63
78
104
71
68
116
106
96
126
141
198
240
196
232
213
218
198
215
212
200
201
194
183
149
154
162
164
161
167
179
185
157
155
161
161
155
158
159
148
134
126
143
173
126
87
174
143
108
110
114
151
152
124
113
74
64
56
104
103
63
94
116
97
100
195
160
140
187
112
92
170
184
177
207
197
129
172
204
194
192
206
226
217
203
202
184
184
203
171
170
187
202
196
192
224
187
168
180
186
162
178
160
190
136
129
135
135
129
140
131
90
56
57
100
127
100
80
93
107
123
153
226
227
232
224
212
192
218
184
222
204
197
207
142
169
173
169
173
175
168
165
158
139
150
148
155
156
151
154
153
140
126
143
135
181
95
122
170
101
115
111
122
139
125
117
123
104
70
91
131
95
89
107
95
91
157
158
162
178
143
109
149
160
201
188
195
175
146
174
192
195
182
178
193
200
220
205
171
167
180
202
221
187
170
201
206
192
149
162
178
165
153
165
162
201
126
121
134
137
130
142
128
77
71
65
80
105
150
124
56
85
200
206
243
208
205
218
203
216
203
209
215
190
200
156
123
175
185
172
169
163
152
160
166
152
144
142
148
150
145
147
145
131
143
141
120
160
95
153
131
76
103
110
144
142
126
136
117
73
74
117
134
98
123
100
88
98
135
164
162
144
101
151
143
158
203
198
171
158
172
178
161
200
158
193
210
205
182
158
131
171
187
174
174
175
199
220
204
197
207
195
163
151
199
191
164
187
123
119
137
145
140
152
133
74
39
77
96
99
167
143
85
200
229
233
216
212
220
198
191
219
201
222
206
211
177
79
169
175
151
157
178
178
154
151
154
138
134
133
141
147
145
150
148
135
144
115
119
134
108
144
99
104
121
116
138
109
101
143
111
45
79
146
138
56
60
59
127
137
160
145
151
170
95
139
81
170
197
193
163
154
126
198
198
206
155
207
207
209
179
177
144
200
204
184
170
175
200
190
169
202
174
132
147
166
166
139
181
213
114
123
117
150
140
129
120
121
108
145
155
161
145
141
196
228
229
214
210
211
205
205
209
206
205
206
194
192
98
192
168
179
165
168
182
179
158
159
167
156
149
167
153
159
151
156
150
154
140
117
129
136
109
125
118
110
115
93
106
103
126
112
83
62
108
96
60
45
61
90
134
141
166
163
145
155
165
179
149
191
208
190
152
147
189
208
189
175
206
215
216
200
177
171
186
205
200
162
165
204
210
203
198
167
158
165
144
159
184
154
232
185
116
125
114
132
112
110
128
152
155
160
143
148
153
163
201
214
220
207
206
211
208
210
214
211
216
198
215
174
147
183
182
176
175
178
180
172
160
160
162
157
149
163
150
155
147
157
150
152
152
129
124
129
112
126
108
103
108
92
112
108
120
102
82
68
33
54
60
76
95
117
149
152
173
171
148
150
156
152
158
208
175
190
187
182
188
182
179
197
205
205
199
183
166
162
176
194
205
161
169
211
210
194
193
177
173
172
130
184
177
188
209
176
114
124
116
140
125
123
138
158
171
160
138
147
171
193
218
217
215
203
206
213
211
213
216
211
204
180
203
150
169
163
166
156
180
187
173
161
168
166
159
165
152
158
145
145
136
154
143
139
145
128
109
119
121
139
109
114
128
110
130
114
100
65
44
34
31
62
72
86
88
106
140
152
180
159
119
132
166
142
172
199
163
173
174
183
191
174
166
190
205
193
180
169
161
162
175
190
197
153
168
207
195
174
177
179
169
158
138
195
178
197
185
171
121
120
109
148
153
153
147
145
150
152
152
165
187
208
224
225
216
205
209
216
213
212
212
205
202
194
192
167
176
174
156
165
177
187
163
153
180
177
161
174
156
153
143
135
121
146
131
120
131
125
98
116
129
150
109
127
109
88
116
106
86
50
37
31
41
69
65
72
66
98
148
177
167
139
100
132
187
142
188
190
192
175
161
184
210
194
179
198
208
187
170
168
171
174
184
197
182
149
174
196
173
160
165
173
153
130
176
191
196
177
180
182