112
92
145
145
146
148
151
154
156
158
160
164
169
172
174
178
183
187
188
189
191
193
196
199
201
202
205
206
209
212
214
216
217
218
229
229
228
227
225
224
223
223
221
220
218
215
212
210
208
206
198
197
196
193
191
188
186
185
188
188
188
188
188
188
188
188
188
188
188
188
189
189
189
189
179
166
188
190
177
185
186
185
182
182
183
183
184
184
185
185
186
186
185
185
184
184
184
183
182
179
177
175
175
173
170
168
160
160
159
158
156
154
152
151
180
180
181
183
185
187
189
190
191
194
198
200
201
203
207
211
217
217
216
216
216
215
215
215
215
215
215
214
213
212
210
210
201
200
199
198
197
195
194
194
194
193
191
189
186
183
181
180
189
189
189
189
189
190
190
190
187
187
187
187
186
186
186
186
181
181
182
182
182
182
182
182
189
173
194
195
180
185
183
180
186
185
183
181
178
176
174
173
167
166
165
164
163
162
161
161
161
160
159
161
164
165
165
164
174
176
179
182
185
188
189
190
201
202
202
203
205
206
207
207
205
207
208
208
206
206
207
209
207
206
205
203
201
198
197
196
188
188
186
184
182
181
179
178
186
186
186
185
185
185
184
184
185
185
185
186
187
188
188
188
183
183
183
183
184
184
184
184
184
183
182
181
180
179
178
177
192
191
189
187
184
182
180
180
166
150
172
177
164
167
164
162
153
153
154
154
155
155
156
156
169
170
172
174
177
179
181
182
188
187
188
191
195
198
198
198
196
197
199
201
202
203
204
204
194
195
196
196
197
197
197
197
194
194
193
190
188
186
184
184
189
189
188
187
186
184
183
183
184
184
184
184
184
185
186
187
180
180
181
181
181
182
182
182
175
176
176
177
178
179
180
180
184
184
182
181
179
178
177
176
180
180
179
179
178
177
176
176
156
156
155
155
154
153
153
153
156
140
165
177
169
176
175
174
187
188
190
193
196
199
201
202
198
199
201
204
208
210
213
214
208
207
206
207
209
209
208
207
204
203
203
202
200
198
197
195
183
184
185
186
186
185
184
183
183
182
180
180
179
178
177
176
182
182
181
181
180
180
179
179
176
175
175
175
176
177
179
180
181
181
181
180
179
179
178
178
183
182
181
180
178
176
175
174
162
162
162
162
161
161
161
161
151
152
153
155
157
159
160
161
178
180
182
186
190
193
196
198
191
173
198
213
208
214
213
213
213
212
211
210
209
208
207
207
213
213
211
210
208
206
205
204
201
198
196
195
195
194
192
190
193
194
195
195
195
195
194
194
177
178
179
180
180
179
177
176
178
177
176
178
180
182
182
181
179
179
178
177
176
175
174
174
180
179
177
174
173
173
173
174
169
168
167
166
165
164
163
162
152
153
154
156
157
159
160
160
165
166
169
172
175
178
180
182
199
200
203
206
210
214
216
218
215
216
217
218
219
220
221
221
213
190
212
224
217
219
215
216
214
213
211
209
206
204
203
202
200
199
197
195
193
191
190
189
192
191
189
189
189
189
187
185
186
187
187
188
188
187
186
186
173
174
176
177
177
176
174
173
174
172
170
171
174
174
173
171
175
175
174
173
172
172
171
171
158
157
155
153
153
154
156
157
159
160
161
163
164
166
167
168
181
182
186
191
196
201
204
206
216
217
218
221
223
225
227
228
227
227
228
228
229
230
230
231
228
226
224
221
217
214
211
210
202
175
193
205
196
196
191
192
189
188
188
188
187
187
187
187
185
186
186
187
187
188
188
189
182
181
180
181
183
184
183
182
185
185
185
184
182
180
178
177
172
174
176
178
178
177
175
174
172
169
165
163
163
161
158
154
151
151
151
151
152
152
152
152
165
165
165
168
171
176
181
184
190
192
197
203
209
214
219
221
228
229
231
233
235
237
239
240
239
238
237
235
234
232
231
230
221
219
216
212
208
204
201
199
198
197
195
194
192
190
188
188
194
166
184
197
190
191
188
190
190
189
188
187
186
185
184
184
186
186
185
185
184
183
183
182
184
183
182
183
186
187
186
185
182
182
183
184
185
184
184
184
160
160
158
156
154
152
151
150
149
150
153
156
159
163
165
167
173
176
181
187
192
196
198
199
204
206
210
215
220
224
227
229
237
237
236
236
235
235
235
234
238
236
233
228
222
217
214
212
207
201
195
192
192
193
193
191
193
193
192
190
189
188
187
186
188
188
189
189
190
190
191
191
191
173
175
189
188
182
180
177
182
182
182
183
183
184
184
184
187
187
187
186
186
185
185
184
184
184
183
178
172
168
168
170
166
165
162
160
158
156
155
155
152
154
158
163
169
174
177
179
185
187
191
196
202
207
211
213
221
222
224
226
228
228
228
228
236
236
235
234
232
230
229
228
211
210
209
207
204
202
200
199
187
187
187
187
188
188
188
189
195
192
189
188
189
189
187
185
181
182
182
183
185
186
187
187
179
179
179
179
179
179
179
179
178
172
179
185
182
185
187
180
187
187
185
182
180
178
176
175
165
165
165
164
164
163
163
162
159
161
164
165
165
167
171
174
183
183
184
186
188
190
192
194
199
200
203
207
212
216
219
221
227
227
228
228
229
229
229
229
226
226
225
224
222
219
217
216
202
201
198
194
190
187
184
182
190
189
188
186
185
183
182
181
193
193
191
190
188
186
185
184
176
176
176
179
181
181
179
177
183
183
182
180
179
178
177
176
188
188
186
185
183
181
180
179
177
178
183
178
169
173
175
163
158
158
159
159
160
161
161
161
173
174
175
178
180
183
185
186
191
192
194
194
195
196
199
202
202
202
201
200
201
201
202
202
217
217
216
215
214
213
213
212
210
208
206
202
198
195
192
191
188
187
186
184
182
179
177
176
187
187
186
186
186
186
186
187
183
184
184
184
185
185
185
186
174
174
175
176
177
178
179
179
187
186
186
187
186
185
183
182
185
184
183
181
179
178
177
176
163
163
164
165
165
166
167
167
154
150
158
167
169
177
184
178
188
189
191
194
197
200
202
203
204
205
206
208
210
211
213
214
210
210
208
206
204
203
202
203
201
200
197
194
192
190
189
188
190
190
190
189
189
189
188
188
182
181
181
180
179
179
178
178
188
188
188
188
187
187
188
188
176
176
175
175
176
178
179
180
176
175
175
175
175
174
174
174
187
186
185
184
182
180
179
178
168
167
166
164
162
161
162
162
150
152
154
158
162
166
169
170
178
180
183
187
192
196
199
201
211
189
193
216
224
223
226
228
222
221
221
220
219
218
217
216
209
209
207
205
203
201
199
198
193
192
191
190
190
190
189
189
188
188
187
187
187
188
189
189
181
181
181
181
182
182
182
182
183
183
183
183
183
184
184
184
170
170
170
171
172
173
175
176
187
185
182
179
177
176
176
176
181
181
179
177
175
173
172
171
163
163
162
161
160
159
159
158
162
164
167
170
174
178
184
188
205
207
210
214
218
223
226
227
233
233
233
233
233
233
233
233
228
195
191
213
216
203
199
201
200
199
197
195
193
190
189
188
190
190
189
189
188
188
188
187
190
188
185
184
185
185
184
183
184
184
184
184
185
186
187
188
177
176
176
175
175
174
173
173
177
177
176
174
173
171
170
170
179
178
177
176
175
176
177
177
171
169
166
164
162
162
163
164
148
149
150
151
153
155
156
157
164
168
173
181
190
197
203
206
217
221
227
231
233
236
241
244
236
235
234
233
232
231
230
229
219
217
214
211
207
203
200
198
199
175
175
194
199
195
196
197
191
191
191
190
190
190
189
189
181
182
183
184
186
187
188
189
187
183
180
179
179
179
177
175
184
183
182
180
178
178
177
177
171
172
172
173
173
174
174
174
176
175
175
175
174
174
173
173
165
163
160
157
154
153
152
152
156
156
156
158
162
166
171
173
185
188
194
202
210
217
223
226
237
237
237
237
237
237
237
237
234
236
238
235
227
219
215
213
211
209
207
203
199
196
193
191
188
188
188
188
188
188
188
188
186
174
175
182
181
183
185
180
184
184
183
182
181
180
179
179
187
186
184
182
180
178
176
175
181
178
177
178
182
185
185
183
178
177
176
176
176
176
176
177
171
170
168
166
163
160
158
157
152
151
149
148
149
150
152
153
155
158
162
169
175
182
186
189
205
209
216
223
228
231
231
231
239
240
241
242
243
242
241
240
233
231
227
222
217
212
209
207
198
197
196
194
191
189
188
187
186
186
186
187
187
187
188
188
186
185
185
185
184
184
184
183
183
180
170
183
186
175
182
180
180
180
180
181
181
181
181
181
184
184
184
183
183
182
182
182
175
174
171
168
164
161
158
157
159
158
157
157
158
160
163
165
146
147
149
152
155
158
161
162
173
175
180
185
191
196
200
202
222
223
225
227
230
232
234
235
230
230
230
230
230
228
227
227
218
217
214
210
204
198
193
190
185
185
185
185
184
184
184
183
190
189
188
187
185
184
183
182
185
185
184
183
181
180
179
178
179
178
178
177
177
176
175
175
173
174
167
182
185
175
184
183
185
184
183
181
179
178
176
175
164
163
163
161
160
159
158
157
163
164
166
168
171
173
174
175
186
187
188
190
192
193
193
194
184
186
190
195
201
206
210
212
215
217
221
225
228
229
229
229
223
223
222
220
219
217
216
215
208
206
202
198
194
192
191
190
182
182
184
185
186
186
185
185
193
192
191
189
186
184
183
182
180
180
181
181
181
181
181
181
174
175
176
177
178
179
180
180
187
186
185
183
181
179
178
177
177
175
165
176
176
163
167
164
150
150
152
154
155
157
159
159
167
169
173
178
184
189
193
195
195
196
197
199
200
202
203
204
200
202
204
206
207
206
204
203
213
214
215
216
217
218
219
220
211
211
210
208
205
201
198
196
192
191
189
187
185
182
180
180
182
181
179
178
177
176
177
177
185
185
184
184
182
181
180
179
172
172
173
175
176
178
179
179
181
180
179
178
176
175
174
173
186
185
182
179
175
172
169
168
157
158
159
160
161
162
163
163
158
152
141
161
174
172
180
177
195
197
200
203
207
211
214
215
213
213
212
212
211
210
209
209
206
205
204
203
201
200
198
198
194
194
195
195
194
192
190
189
195
195
193
191
189
187
185
185
186
185
183
180
178
178
178
178
179
179
179
179
178
178
177
177
175
176
177
179
180
180
180
180
178
177
175
173
171
169
168
168
185
184
183
181
179
177
176
175
177
176
175
173
172
170
169
168
150
151
152
154
157
159
160
161
172
174
177
181
186
191
194
196
215
201
182
202
222
224
231
223
215
214
213
212
211
210
209
209
207
206
204
201
198
195
193
192
190
189
189
188
188
187
186
186
187
186
185
184
183
183
184
185
182
181
181
180
179
178
177
177
182
181
179
177
177
178
180
182
174
174
175
176
176
177
178
178
172
173
174
175
175
174
173
172
178
177
177
177
177
178
179
180
163
162
161
158
156
154
152
151
150
152
155
160
165
169
173
175
194
196
201
208
215
222
227
229
231
230
230
230
230
230
229
229
231
212
185
198
211
206
206
193
203
202
200
197
195
192
190
189
180
180
181
183
184
186
187
188
190
189
188
187
186
185
185
184
184
183
182
181
182
184
187
189
174
174
175
175
175
175
175
175
174
173
172
171
170
170
170
170
174
174
174
174
173
173
173
173
171
170
169
169
169
169
170
171
158
156
154
152
150
150
150
150
161
164
170
178
186
193
199
202
212
214
218
223
229
234
238
240
240
238
235
232
228
224
222
220
220
218
215
210
205
201
198
196
200
188
170
186
199
195
198
189
186
186
186
186
186
186
185
185
191
189
187
185
182
179
177
176
184
184
183
181
179
178
176
176
181
181
180
180
180
180
181
181
173
173
172
171
171
170
170
169
171
172
174
175
175
174
172
171
168
167
166
164
161
159
158
157
153
152
151
151
153
158
162
165
175
178
183
190
199
208
216
220
228
229
230
233
235
238
240
241
240
238
236
232
229
225
223
222
205
205
203
201
199
197
196
195
190
189
188
187
186
185
184
184
187
180
167
181
187
176
179
172
182
182
182
182
182
182
182
182
174
175
176
177
178
180
180
181
177
177
178
179
181
182
183
183
181
181
181
180
177
174
170
168
172
172
172
171
171
170
170
170
157
157
156
155
153
152
151
151
149
151
155
159
164
168
172
174
189
193
200
208
215
220
224
225
233
234
234
235
236
237
238
238
232
228
223
220
218
215
210
206
199
197
195
192
189
187
185
184
188
187
187
185
184
183
182
182
186
186
185
183
182
181
180
179
182
180
170
168
181
184
180
183
178
178
179
179
179
179
179
179
182
182
181
180
179
178
178
178
178
175
171
166
162
158
157
156
151
152
154
156
158
160
162
163
156
155
153
151
148
145
144
142
163
165
170
176
183
189
194
197
208
210
215
221
227
233
237
240
232
232
232
232
232
233
233
234
225
223
218
212
206
200
195
193
190
188
185
185
186
186
183
181
184
184
184
184
182
180
178
177
177
178
178
178
178
178
179
179
171
172
173
174
176
177
179
179
173
175
168
167
178
180
175
179
181
180
178
177
175
173
172
171
165
165
163
162
160
158
157
157
160
160
161
164
167
170
174
176
187
188
190
192
194
197
198
199
171
173
179
186
193
200
206
209
210
212
215
219
223
228
231
233
230
229
226
222
219
215
213
211
209
206
201
196
192
190
190
190
180
180
180
180
180
179
179
179
190
188
185
182
181
179
175
173
173
175
177
179
180
180
179
179
179
179
179
179
178
178
178
178
187
186
184
182
180
177
176
175
179
180
171
167
173
170
162
164
151
152
153
155
156
158
160
160
166
168
171
176
182
187
190
192
195
195
196
198
201
203
206
207
196
196
196
197
197
198
198
199
210
211
213
215
217
219
220
221
218
217
215
212
208
205
203
202
193
193
191
189
187
185
184
183
184
182
180
178
176
176
176
176
182
182
182
181
181
181
180
180
170
170
171
174
177
179
180
181
180
180
179
178
177
176
175
175
176
176
175
174
173
172
171
171
159
159
157
156
154
153
152
151
145
144
136
142
162
171
168
171
185
186
189
193
196
200
203
204
211
211
210
209
208
206
206
205
210
209
207
204
202
200
198
198
194
194
193
191
190
188
187
186
203
202
199
195
191
188
185
183
188
187
184
182
179
176
174
173
178
178
178
178
178
178
178
178
174
175
177
179
179
179
179
178
176
176
175
174
173
171
171
170
178
178
177
176
174
173
173
173
179
177
172
169
166
166
167
168
153
154
155
157
159
160
162
162
161
163
167
173
179
184
189
191
207
198
183
188
214
227
224
223
222
221
220
219
218
217
216
216
209
208
206
202
199
196
193
192
188
187
187
185
184
182
181
180
188
187
186
185
184
183
182
181
175
176
177
178
179
180
180
181
178
178
177
177
177
177
177
177
178
177
176
175
174
173
172
172
171
172
174
175
174
172
169
167
177
177
177
177
177
176
176
176
172
172
171
167
162
159
158
158
149
149
149
151
155
160
166
169
184
186
189
194
199
203
207
208
225
226
227
229
230
232
233
234
236
221
196
191
208
214
204
200
198
197
195
192
189
187
185
184
181
181
182
183
184
185
186
187
184
185
185
185
185
184
183
183
179
179
179
180
180
180
181
181
175
174
173
172
171
170
169
169
173
173
172
172
172
172
171
171
166
167
170
173
176
179
182
183
178
178
177
176
174
172
171
170
161
160
159
157
154
152
151
150
146
151
158
164
169
175
182
187
209
211
215
220
225
230
234
236
236
237
238
239
240
241
242
243
226
224
220
215
209
204
200
198
195
187
170
167
183
190
186
187
187
187
187
186
186
186
186
186
189
188
186
183
179
176
174
172
182
182
183
183
182
180
178
177
182
181
181
181
181
181
180
180
169
170
170
171
172
173
173
174
169
170
170
170
170
170
170
170
177
175
172
168
164
161
158
156
151
149
147
145
145
146
147
148
160
164
171
180
190
199
205
209
226
230
234
236
237
239
243
247
239
240
241
240
238
233
227
224
218
216
212
207
201
196
192
190
189
188
187
186
184
182
181
181
185
183
171
167
177
179
177
182
179
180
180
180
180
180
180
180
177
177
178
178
179
180
181
181
176
177
179
180
181
180
179
179
172
171
169
167
164
162
160
159
165
166
167
168
169
170
171
172
171
169
166
163
159
155
152
151
145
145
147
149
152
154
156
156
171
176
185
196
208
217
223
227
238
238
237
238
239
240
241
242
241
239
235
229
223
218
214
212
202
200
196
193
191
190
190
190
182
182
182
182
181
181
180
180
179
179
179
180
180
180
180
180
180
170
177
157
180
180
175
179
178
178
178
179
179
179
179
179
182
181
180
177
175
173
171
170
170
168
166
163
159
156
153
152
158
159
160
163
168
175
180
184
168
166
163
158
153
149
145
143
139
142
147
153
160
167
171
174
190
193
199
208
217
225
231
235
235
236
238
239
240
240
239
238
232
229
224
217
211
205
201
199
188
188
188
187
186
186
185
185
184
183
182
181
179
178
177
177
181
181
180
180
180
179
179
179
173
174
175
177
179
181
183
184
178
169
176
156
178
178
173
176
172
172
171
170
169
168
168
167
155
156
158
160
162
164
166
167
170
172
176
182
188
194
198
201
202
202
200
200
200
201
202
203
142
145
150
157
165
172
178
181
200
202
206
212
218
224
228
230
234
233
232
229
227
224
223
222
214
213
210
205
200
195
190
188
181
181
180
180
180
180
181
181
181
180
179
177
175
173
172
171
175
176
177
178
179
179
179
179
169
170
172
175
177
180
181
182
181
180
179
177
175
174
172
172
178
169
173
149
169
169
163
165
156
157
159
161
163
166
167
168
185
187
189
192
196
199
202
203
205
205
203
202
200
198
197
196
200
199
198
196
194
192
191
191
206
208
212
217
222
226
230
232
227
226
224
221
218
215
213
212
203
201
198
195
191
188
185
184
182
181
180
178
177
175
173
172
179
178
178
177
177
177
178
178
174
175
176
178
180
182
184
185
178
178
177
175
175
174
174
174
183
182
179
176
172
169
166
165
158
158
157
157
157
156
156
156
159
153
160
139
167
179
182
187
204
205
207
210
212
214
216
217
210
210
209
209
209
208
208
208
199
199
197
195
193
191
190
189
182
183
184
185
185
185
185
184
212
210
207
203
199
195
193
191
192
191
188
185
182
179
176
175
175
175
175
175
175
176
176
176
176
177
177
178
179
180
181
182
174
173
172
171
170
170
170
171
177
177
176
175
173
172
171
171
174
171
168
165
164
165
166
167
151
152
153
155
157
159
160
161
180
182
186
192
198
203
207
210
221
213
214
186
209
221
224
227
210
209
207
205
202
200
198
197
197
196
194
191
189
186
184
183
182
182
183
183
184
185
185
185
180
181
183
184
185
185
185
185
182
181
181
181
181
181
181
181
177
177
178
178
178
178
179
179
178
177
177
176
175
174
173
173
174
174
172
171
170
169
169
169
175
174
174
174
174
175
176
177
167
166
164
162
160
158
156
155
155
155
157
160
165
171
176
179
198
201
206
213
221
228
234
237
233
233
233
233
233
233
233
233
221
212
208
171
187
193
190
189
196
195
193
191
189
187
185
184
185
185
184
184
183
183
182
182
186
185
184
182
181
179
178
177
183
182
181
179
178
177
176
175
175
175
174
173
172
171
171
170
168
168
169
169
170
170
171
171
165
165
167
169
171
173
175
176
179
178
175
173
171
170
170
170
159
158
156
155
153
152
152
152
158
161
166
174
182
189
195
198
219
222
227
232
237
240
242
243
242
241
238
234
230
227
224
223
212
210
205
200
193
187
183
181
181
178
182
154
177
188
187
185
176
176
177
178
178
179
180
180
178
178
178
179
180
180
181
181
174
175
176
177
179
181
182
183
181
179
177
175
173
173
173
174
174
173
173
172
172
171
171
171
173
173
173
173
174
174
174
174
176
174
172
169
166
163
161
160
156
155
154
154
154
156
158
159
164
168
175
184
195
205
214
218
234
235
236
238
240
242
243
244
234
235
236
235
230
223
215
210
205
203
200
197
193
189
186
185
180
180
180
181
181
181
182
182
185
184
189
159
178
184
176
170
179
179
179
179
179
179
179
179
181
180
180
179
179
178
178
178
178
177
175
173
170
167
165
164
160
159
158
157
159
161
164
166
164
165
165
167
168
169
170
170
172
170
167
164
160
156
154
152
146
146
147
148
151
155
159
161
173
179
188
199
210
219
225
229
239
239
240
241
242
243
243
244
237
235
232
226
219
212
206
202
198
195
191
187
183
181
179
179
182
179
176
176
178
179
176
173
180
178
177
177
178
178
177
175
179
171
174
163
165
178
174
180
182
181
179
177
176
174
174
174
170
169
167
164
161
158
156
155
156
156
157
161
167
171
172
172
180
183
187
192
197
200
202
202
172
170
166
162
157
152
149
147
142
144
149
154
160
165
170
172
189
193
200
209
219
227
233
236
235
236
237
238
237
236
235
234
225
223
218
212
205
199
194
191
184
184
183
182
180
178
176
175
173
173
175
177
181
185
188
190
181
180
179
180
182
183
182
181
184
182
180
179
178
177
175
172
178
174
177
161
162
178
172
173
166
165
163
161
159
158
158
157
157
159
164
170
177
183
187
190
199
198
198
199
202
203
203
202
198
198
198
198
196
194
192
190
142
145
150
157
165
172
178
181
200
202
206
211
217
222
226
228
230
231
231
231
228
225
221
219
212
210
207
202
196
190
186
183
182
182
181
181
180
180
179
179
182
182
180
179
178
177
177
177
182
180
177
173
170
167
165
164
173
174
174
172
169
167
167
167
175
173
170
169
169
168
166
163
164
164
165
142
140
159
152
147
164
166
171
177
184
191
196
199
208
207
207
206
205
205
204
204
197
195
193
193
194
194
192
190
188
188
187
186
185
183
181
180
202
203
207
212
217
222
225
227
222
221
220
218
217
215
214
213
197
197
195
193
189
185
181
179
178
178
177
176
175
174
173
172
179
179
178
177
176
176
175
175
171
171
171
172
174
177
180
182
175
175
176
177
178
179
181
181
163
166
169
168
165
164
167
170
153
153
154
158
163
166
168
168
170
176
184
167
178
214
217
215
221
220
217
213
210
208
207
206
197
197
196
195
194
194
193
193
188
187
185
185
185
185
183
181
183
183
184
184
185
185
185
185
210
208
205
202
198
194
191
189
186
186
184
182
180
178
177
176
174
173
172
171
171
172
173
174
175
176
176
177
179
180
181
182
174
174
173
172
170
169
168
168
182
180
176
173
170
168
167
167
169
167
165
161
158
154
151
149
151
156
162
167
170
174
181
186
210
210
212
217
223
228
230
230
230
230
224
192
187
210
204
197
193
194
194
195
196
198
199
200
190
190
190
190
189
189
189
189
190
188
185
185
185
184
182
180
178
177
175
173
171
169
168
167
181
181
181
181
181
181
181
180
176
176
176
176
176
176
176
175
181
179
176
174
172
173
174
175
175
174
172
170
168
167
166
166
172
172
173
173
174
174
174
175
157
156
156
156
156
157
158
159
159
163
171
181
191
200
207
210
228
230
233
235
237
239
241
244
236
232
227
223
219
215
210
206
204
201
199
173
171
191
186
182
186
182
175
167
158
151
145
142
141
139
136
131
126
122
118
117
114
111
109
107
107
105
103
100
101
100
97
95
93
92
92
92
173
173
172
171
170
169
168
168
169
169
169
168
168
167
167
167
166
167
167
169
171
173
174
175
176
175
173
171
170
170
170
170
154
154
154
153
152
152
151
151
173
178
187
198
209
220
227
231
242
242
243
242
241
240
238
236
235
231
226
220
215
209
204
200
193
188
180
172
164
156
148
143
136
131
130
110
104
113
101
99
91
90
90
89
89
90
91
91
89
89
89
90
90
91
91
91
97
95
93
93
93
93
91
89
93
93
92
91
91
92
94
95
173
173
172
172
171
171
170
170
172
172
172
173
173
173
173
173
172
172
171
169
165
160
156
153
147
147
149
152
157
161
166
168
186
191
199
210
222
233
241
246
242
243
243
243
242
240
237
236
231
228
223
216
207
198
190
186
168
161
152
143
136
127
118
111
103
101
99
98
97
96
94
92
94
89
98
91
93
101
91
92
100
99
98
98
98
99
99
100
97
97
97
96
96
95
95
95
94
93
93
95
98
100
100
99
96
94
92
90
89
88
89
89
165
168
171
174
174
171
168
166
163
163
162
160
157
153
149
146
143
146
151
156
162
169
176
181
197
207
219
227
231
235
242
248
243
244
244
243
240
236
231
229
231
223
211
202
194
185
174
165
153
147
136
123
113
106
101
100
98
98
98
97
97
96
96
96
97
98
98
99
100
100
101
101
102
101
100
98
97
96
96
96
94
95
96
96
96
96
95
94
90
90
90
91
92
92
93
93
90
90
90
89
89
89
89
88
91
91
90
89
88
87
86
86
168
162
154
147
145
148
153
157
154
152
150
153
161
175
188
197
206
209
214
220
227
232
234
236
234
233
232
231
229
225
220
217
216
212
204
194
183
173
165
161
134
128
121
117
115
111
104
98
92
91
91
91
94
98
102
105
97
97
97
96
96
95
95
95
94
95
95
95
95
96
96
96
96
95
94
93
93
93
94
94
92
92
93
93
93
93
92
92
90
90
90
91
91
91
91
91
92
92
91
91
90
89
89
89
90
90
89
88
87
86
86
85
148
150
155
162
172
181
190
195
203
210
221
231
236
235
231
228
228
225
222
221
219
213
205
199
205
196
187
183
183
180
170
161
139
134
126
116
108
101
97
95
98
94
92
92
94
94
91
88
103
102
100
98
96
95
94
94
96
96
95
95
95
94
94
94
94
94
93
93
93
92
92
92
91
91
90
90
91
92
93
93
90
91
91
92
92
91
91
90
91
91
91
91
91
90
90
90
92
92
91
90
89
88
88
87
87
87
87
86
85
85
84
84
202
205
210
214
216
217
215
214
212
209
203
196
190
186
183
181
190
186
182
183
184
182
174
168
159
147
131
121
114
105
92
81
96
95
93
91
91
92
93
94
101
99
98
99
101
102
100
98
96
97
97
96
96
95
94
93
95
95
95
94
94
93
93
93
96
95
95
94
93
92
91
91
92
92
91
91
91
91
92
92
90
91
91
92
92
91
91
90
91
91
91
90
89
89
88
88
89
89
88
87
86
85
84
83
84
83
83
82
82
81
81
81
206
202
196
189
184
182
181
181
178
178
179
181
184
187
191
193
173
162
148
135
125
113
100
90
86
84
84
87
94
100
103
104
97
97
98
98
99
99
99
99
95
94
93
94
94
95
94
93
86
88
89
91
93
93
93
93
94
93
93
93
92
92
92
91
94
94
93
92
91
90
89
88
92
91
90
89
88
87
88
88
87
87
88
88
88
88
87
87
86
86
85
85
84
84
83
83
84
83
83
82
81
80
79
79
80
80
80
79
79
79
79
78
161
164
167
171
173
174
175
174
183
182
178
167
150
129
109
97
93
90
87
87
90
93
92
91
104
103
100
96
91
89
89
89
96
95
95
95
93
92
90
89
96
96
96
96
96
96
96
96
99
99
98
97
95
93
91
90
90
90
90
89
89
88
88
88
88
88
87
86
85
84
84
83
87
86
85
83
82
81
81
81
81
81
82
82
82
82
81
81
80
79
79
79
79
79
78
78
80
80
80
79
79
79
78
78
79
79
79
79
78
78
78
78
180
183
185
185
179
169
158
151
121
113
101
90
84
84
87
90
99
98
98
99
99
99
98
97
93
94
94
94
94
94
95
96
96
95
94
93
93
94
95
96
90
91
91
91
90
90
91
91
81
82
83
85
88
90
92
93
85
85
85
84
84
84
83
83
83
83
82
82
81
81
80
80
81
80
79
78
78
78
78
78
78
78
79
79
79
79
78
78
78
79
79
79
79
79
80
80
80
80
80
80
81
81
81
81
80
80
80
80
80
80
80
80
163
153
137
118
100
86
77
73
83
85
88
92
95
97
97
97
88
91
95
96
94
92
90
90
92
91
89
90
92
93
91
89
91
89
85
83
83
86
90
93
86
87
87
86
84
82
83
83
88
87
86
84
83
82
82
83
81
81
81
81
80
80
80
79
82
81
81
81
80
80
80
80
78
77
77
77
77
78
79
79
78
78
79
79
79
79
78
78
81
82
82
83
83
84
84
85
81
81
82
83
83
84
85
85
82
82
82
82
82
82
82
83
82
82
83
84
87
89
91
93
90
88
85
83
81
82
83
84
88
87
86
85
85
85
85
85
85
85
84
82
80
79
81
83
84
84
85
86
86
86
86
86
84
84
84
84
84
84
84
84
83
84
84
83
81
80
80
82
77
77
77
77
77
78
78
78
79
79
79
78
78
78
78
77
81
81
80
80
79
79
79
78
84
82
81
82
83
84
82
81
82
82
83
83
84
85
85
85
84
82
81
82
83
84
83
81
85
85
84
84
84
84
83
83
87
87
86
87
87
88
88
89
84
83
81
80
79
79
80
81
80
79
78
77
77
77
77
77
83
84
84
82
80
80
82
84
88
88
87
85
83
81
78
77
82
82
82
82
82
82
82
82
80
81
82
81
80
79
80
81
82
82
82
82
82
81
80
80
79
80
81
83
84
86
87
88
83
83
83
83
83
83
83
83
79
78
78
79
82
83
83
82
81
81
81
81
81
82
82
82
84
83
82
82
84
85
83
82
82
81
80
77
75
73
71
70
90
89
88
87
86
84
83
83
77
77
76
76
76
76
76
76
78
77
76
76
75
75
76
76
78
79
80
79
78
78
80
82
80
80
81
81
81
81
80
80
79
79
79
79
79
79
79
79
77
79
80
80
78
78
79
81
82
83
84
84
84
82
80
79
82
82
82
82
82
82
82
82
83
83
83
83
83
83
83
84
83
81
81
82
84
85
84
83
81
81
81
81
81
80
80
80
78
77
76
76
78
78
77
76
68
68
68
67
67
66
66
66
86
86
85
83
81
79
77
76
71
72
73
74
74
74
74
74
77
77
76
76
75
76
76
77
71
73
75
75
74
74
76
78
74
75
77
79
80
81
81
81
79
79
79
79
79
79
79
79
77
79
80
80
79
79
81
83
79
80
82
83
83
81
80
78
81
81
81
81
81
81
81
81
85
85
84
84
83
83
82
82
85
84
81
81
81
80
78
76
77
77
77
76
75
75
74
74
74
72
71
72
73
74
73
71
75
75
76
76
77
77
78
78
77
77
77
76
75
73
71
70
69
70
71
73
73
74
73
73
72
71
71
70
70
71
72
72
70
72
74
75
74
75
76
78
81
81
81
80
79
77
75
74
81
81
81
81
81
81
81
81
79
81
82
82
81
81
83
85
81
82
83
85
85
85
84
84
82
83
84
85
87
88
89
90
87
87
86
84
83
81
80
80
78
76
73
73
73
72
70
68
71
71
70
69
69
68
68
68
76
74
73
74
75
76
75
74
77
77
76
75
74
74
73
73
69
70
71
72
71
70
68
67
70
71
71
71
72
73
73
73
71
70
70
70
70
71
72
72
74
76
78
79
79
79
80
81
80
80
81
81
81
81
80
80
83
83
83
83
83
83
83
83
82
84
85
85
83
83
84
86
86
86
86
87
87
88
88
88
88
88
86
85
83
82
81
80
79
79
78
76
75
73
72
72
72
71
70
71
73
74
74
72
73
73
73
73
73
72
72
72
75
74
73
73
75
76
75
73
70
71
71
72
73
74
75
75
67
68
70
71
71
69
67
66
72
71
70
69
69
71
72
73
74
74
74
74
74
75
76
77
77
79
82
82
82
81
81
82
77
78
81
83
85
87
88
88
84
84
84
84
84
84
84
84
84
85
86
85
84
83
84
85
87
85
83
81
80
80
81
82
83
82
79
77
73
71
68
67
71
70
70
70
70
69
69
69
75
74
74
75
78
79
79
78
77
77
77
78
78
78
78
79
75
73
72
73
74
75
74
73
80
80
80
80
80
80
80
79
68
70
71
72
72
70
68
66
73
71
69
68
67
69
71
72
75
74
74
74
75
76
77
77
77
79
82
82
81
80
80
81
86
86
86
86
86
85
84
84
84
84
84
84
84
84
84
84
85
86
86
85
83
82
83
84
82
80
75
71
69
69
70
71
66
66
68
69
71
73
74
75
71
72
72
73
74
75
76
76
77
76
75
75
77
77
76
74
73
74
74
75
75
76
76
77
80
78
77
78
79
80
79
77
79
77
71
64
57
50
45
42
69
69
69
69
69
69
68
68
67
68
69
69
70
71
72
72
72
73
74
75
77
78
80
80
81
82
84
84
83
83
85
87
81
80
80
81
83
86
89
91
91
87
84
84
86
86
84
80
73
70
67
65
65
66
65
64
64
66
70
74
76
77
76
76
77
76
74
74
75
76
76
75
68
66
67
72
79
80
75
69
72
75
79
81
80
77
76
76
78
79
79
79
79
80
80
80
80
74
66
59
55
50
44
40
26
29
35
42
50
58
64
67
72
72
72
71
70
70
69
69
68
68
69
70
71
72
72
73
78
78
79
80
81
82
83
84
82
84
85
84
82
82
83
84
93
92
90
87
84
81
79
78
66
64
63
63
62
61
59
57
69
69
69
73
78
83
85
85
82
80
78
76
75
74
75
75
74
76
78
80
80
77
72
69
90
84
76
70
70
75
81
84
87
86
83
78
74
73
75
77
77
74
68
60
52
45
39
36
30
31
35
43
55
65
71
73
105
104
101
98
94
91
88
87
69
69
69
69
70
70
70
70
73
73
73
74
75
76
76
76
80
80
81
81
81
82
82
82
86
87
87
86
83
82
82
84
72
71
71
70
68
66
64
63
73
76
79
80
79
79
79
80
82
80
79
78
79
78
75
72
82
81
80
80
79
79
79
79
75
73
70
69
72
79
87
92
59
67
78
85
86
83
80
79
67
64
58
49
41
35
34
35
19
24
33
44
56
67
76
81
101
97
93
91
89
87
85
83
51
49
45
40
35
30
26
23
67
68
69
70
72
73
74
75
77
77
77
78
78
79
79
79
75
75
75
75
75
75
75
75
63
64
65
64
62
61
62
63
70
70
70
71
73
74
76
76
68
72
76
77
75
73
74
76
73
73
75
78
81
83
81
80
73
76
79
81
81
78
74
72
74
77
80
81
79
75
72
70
75
69
59
47
35
27
23
21
25
33
45
57
68
76
83
87
124
121
114
106
97
89
83
80
59
55
50
43
37
30
25
22
32
32
33
33
34
35
35
35
72
72
73
73
74
75
75
76
72
72
73
73
73
73
74
74
69
69
69
69
68
68
68
68
75
77
78
78
77
77
78
80
82
80
78
75
75
76
78
79
78
82
84
83
79
76
76
78
85
83
81
80
78
75
70
66
81
81
82
81
80
77
75
73
64
61
55
45
36
30
30
31
27
29
36
53
75
96
109
115
134
134
131
124
114
104
96
92
51
49
46
41
37
32
29
27
22
24
26
28
29
30
32
33
31
32
33
34
36
37
38
38
70
70
69
68
68
67
66
66
65
65
65
65
65
65
65
65
68
68
68
68
68
68
68
68
67
69
70
70
70
70
72
73
76
74
72
70
69
70
71
72
74
76
78
79
79
81
83
85
80
79
79
80
82
83
81
80
64
59
50
41
33
28
25
25
29
36
45
56
68
84
100
111
131
127
124
123
119
108
91
77
50
47
41
32
24
19
19
19
30
31
32
33
34
35
36
36
39
41
42
42
40
39
39
40
33
33
33
33
33
33
33
33
63
63
63
63
63
63
63
63
65
65
65
65
65
65
65
65
70
70
70
70
71
71
71
71
77
79
80
80
78
78
79
81
75
76
78
80
80
80
79
79
86
83
80
80
81
82
83
83
67
61
52
43
35
27
19
15
28
35
47
63
80
96
108
114
95
107
121
125
115
98
81
72
60
51
37
26
22
21
21
21
30
30
30
29
29
32
37
41
34
35
35
36
36
37
37
37
31
34
36
36
34
32
32
34
36
36
37
37
37
37
37
37
61
62
63
66
68
70
72
73
72
72
72
72
72
72
72
72
71
71
71
72
72
73
73
73
76
77
78
76
74
73
73
74
76
79
82
84
83
78
73
69
65
57
45
36
29
24
18
13
32
37
49
67
88
108
122
129
122
123
124
119
108
92
75
65
54
49
40
27
19
21
32
41
28
32
37
39
38
36
36
36
31
35
39
41
40
38
37
37
35
35
35
36
37
37
38
38
31
35
38
37
35
32
33
34
36
36
35
34
33
33
32
32
70
68
65
63
63
64
66
68
64
65
68
70
72
73
73
72
74
74
75
76
76
76
76
76
83
81
79
80
81
78
71
64
55
49
40
32
27
26
28
31
29
35
50
73
99
120
131
134
150
151
145
131
114
97
78
64
54
47
36
26
21
22
27
31
34
35
36
38
38
37
36
36
41
37
34
34
36
36
33
29
34
35
35
35
34
33
32
32
37
38
39
38
36
35
36
37
35
35
35
35
35
35
35
35
34
34
34
34
34
34
34
34
66
68
71
74
75
74
72
71
76
76
77
78
77
76
75
74
65
67
71
73
71
66
60
55
50
44
35
26
19
17
18
20
38
46
59
76
91
104
113
117
169
158
142
126
112
96
81
71
36
36
32
25
22
23
23
20
30
31
32
34
35
35
35
35
31
32
34
35
35
35
34
33
37
35
34
35
35
36
35
33
35
35
36
36
35
34
33
32
36
37
38
37
35
34
34
36
34
34
34
34
34
34
34
34
37
37
37
37
37
37
37
37
68
69
71
72
71
68
65
62
70
70
69
68
66
64
62
60
51
43
32
22
19
22
28
33
45
55
71
85
97
110
124
133
111
111
108
102
91
78
65
57
24
20
16
16
20
23
23
22
34
34
31
26
28
36
42
43
28
31
35
38
39
37
33
31
31
32
33
34
34
34
34
33
33
34
35
35
35
35
36
37
35
36
36
36
36
35
34
34
34
36
36
35
33
32
33
35
32
32
32
32
32
32
32
32
34
34
34
34
34
34
34
34
75
72
67
63
60
59
59
60
44
42
39
34
28
23
19
17
40
51
69
89
105
117
122
124
126
124
118
103
83
62
47
39
30
29
28
26
25
23
22
21
40
36
33
32
33
34
33
32
33
36
36
32
31
32
30
26
40
39
36
34
32
31
31
31
33
34
34
35
35
35
35
35
32
35
37
36
34
33
35
38
36
36
37
37
37
36
36
35
34
36
36
36
34
33
33
35
33
33
33
33
33
33
33
33
32
32
32
32
32
32
32
32
29
27
24
22
22
24
26
28
54
59
69
82
97
111
121
127
128
126
120
109
92
72
54
43
32
27
22
20
23
28
31
32
37
35
32
29
28
29
31
32
28
28
30
32
35
35
34
33
32
36
39
38
37
37
34
29
36
34
32
30
31
34
37
39
33
33
33
33
34
34
35
35
34
36
38
37
33
32
34
36
35
36
36
37
37
37
36
36
35
37
37
36
34
34
34
36
33
33
33
33
33
33
33
33
36
36
36
36
36
36
36
36
58
65
76
90
103
113
119
123
122
115
102
85
68
52
41
35
32
26
18
12
12
19
28
35
39
34
30
30
34
35
33
30
33
33
34
35
35
34
33
32
32
33
34
34
33
30
27
25
28
31
31
29
30
34
35
33
30
31
32
34
35
35
34
33
31
30
30
30
30
31
32
33
35
36
37
36
34
33
34
35
34
34
35
36
36
36
36
35
35
37
38
37
35
34
34
36
34
34
34
34
34
34
34
34
34
34
34
34
34
34
34
34
103
99
92
80
66
51
38
31
12
13
15
18
22
27
31
33
30
33
37
39
38
33
27
23
27
30
35
40
41
39
33
29
28
29
30
31
31
30
28
27
30
31
31
31
30
29
29
29
35
37
36
32
31
35
36
33
31
32
34
34
34
31
29
27
30
30
29
29
29
30
32
32
35
34
33
34
36
37
36
35
32
33
34
35
36
36
35
35
34
36
36
35
33
32
33
34
32
32
32
32
32
32
32
32
31
31
31
31
31
31
31
31
20
19
18
17
19
23
26
29
40
38
35
32
30
29
29
29
30
31
31
31
30
29
29
28
32
33
32
28
25
26
31
36
35
34
31
30
30
32
34
35
33
33
32
31
30
31
34
37
28
34
36
35
35
36
33
28
30
29
29
28
29
32
34
35
33
32
31
30
31
32
34
35
34
32
30
33
37
40
38
36
32
32
33
34
35
35
35
34
33
34
35
34
32
31
32
33
31
31
31
31
31
31
31
31
34
34
34
34
34
34
34
34
27
28
29
30
30
30
30
29
26
27
29
30
30
29
27
26
26
26
26
27
27
27
28
28
29
29
29
30
30
30
31
31
32
32
31
31
31
31
30
30
27
31
34
33
31
30
33
37
33
34
35
34
31
29
29
29
34
33
31
31
31
31
33
34
31
32
32
33
33
32
31
31
33
33
33
33
33
33
33
33
34
34
34
34
34
34
34
34
33
33
33
33
33
33
33
33
36
35
34
34
33
33
34
34
33
34
35
35
35
33
31
30
26
27
28
29
29
29
29
29
27
27
29
29
29
29
27
27
29
29
29
30
30
31
31
31
29
30
30
30
31
31
31
32
30
30
30
31
31
32
32
32
33
32
31
32
32
33
32
31
29
31
33
33
32
31
32
33
33
32
31
30
30
31
32
33
30
30
31
32
32
32
31
31
33
33
33
33
33
33
33
33
34
34
34
34
34
34
34
34
32
33
33
34
34
33
33
32
35
35
34
33
32
32
33
33
32
33
33
34
33
32
31
30
25
26
27
28
28
28
28
27
27
28
28
29
29
28
28
27
27
27
27
27
28
28
28
29
30
31
31
31
32
32
32
33
28
28
29
30
32
33
34
34
37
33
30
30
34
34
31
27
29
31
33
33
32
31
32
33
31
31
30
30
30
30
31
31
29
29
30
31
32
32
32
32
33
33
33
33
33
33
33
33
34
34
34
34
34
34
34
34
31
32
33
34
34
33
32
31
34
33
32
31
31
31
31
32
30
31
31
31
31
30
29
29
24
25
26
27
27
27
27
26
28
28
28
28
28
28
28
28
25
25
26
26
26
27
27
27
31
31
32
32
32
33
33
33
29
29
30
31
31
32
33
33
36
33
31
31
33
33
31
28
33
34
35
34
31
29
29
29
30
30
30
30
30
30
30
30
29
30
31
32
33
33
33
33
34
34
34
34
34
34
34
34
33
33
33
33
33
33
33
33
30
31
33
34
34
33
31
30
32
31
30
29
29
29
29
30
28
29
29
29
29
28
28
28
24
24
25
26
27
27
26
26
28
28
28
28
28
28
28
28
29
29
29
30
30
30
31
31
31
31
32
32
32
33
33
33
31
31
31
31
31
31
31
31
30
32
34
33
31
30
32
34
33
34
35
34
31
29
29
29
30
30
30
30
30
30
30
30
31
31
32
33
34
34
33
33
35
35
35
35
35
35
35
35
31
31
31
31
31
31
31
31
29
30
31
32
32
31
30
29
30
29
28
27
27
27
27
28
27
27
27
27
27
27
28
28
24
25
26
27
27
27
26
26
29
28
28
27
27
28
28
29
27
28
28
28
29
29
29
29
30
31
31
31
32
32
32
33
32
32
32
31
31
30
30
30
29
32
35
34
30
29
32
35
29
31
33
33
32
31
32
33
30
30
31
31
31
31
30
30
31
32
33
33
33
32
32
31
33
33
33
33
33
33
33
33
29
29
29
29
29
29
29
29
28
28
28
28
28
28
28
28
28
27
26
25
25
25
26
26
27
26
26
26
26
27
28
28
25
25
26
27
28
28
27
27
29
29
27
27
27
27
29
29
25
25
25
26
26
27
27
27
29
30
30
30
31
31
31
32
30
30
31
31
31
31
32
32
33
34
34
33
31
30
30
31
29
31
33
33
32
31
32
33
30
31
32
33
33
32
31
30
31
31
31
31
30
29
28
27
30
30
30
30
30
30
30
30
27
27
27
27
27
27
27
27
28
27
25
24
24
25
27
28
26
26
25
24
24
24
24
24
27
26
26
25
26
27
28
29
25
26
27
28
28
28
28
27
30
29
27
26
26
27
29
30
28
28
29
29
29
30
30
30
29
29
29
30
30
30
31
31
28
29
29
30
32
33
33
34
39
35
31
31
33
33
29
25
33
34
35
34
31
29
29
29
31
31
33
34
34
33
31
31
30
30
30
29
28
26
25
24
27
27
27
27
27
27
27
27
26
26
26
26
26
26
26
26
28
26
23
21
21
23
26
28
26
25
24
23
23
23
23
24
27
26
26
25
26
27
29
30
27
27
27
28
28
29
29
29
27
28
28
29
29
28
28
27
29
26
26
28
28
25
25
28
29
29
29
30
30
31
31
31
31
30
30
29
29
30
31
31
30
33
33
30
30
33
33
30
31
30
29
30
32
33
32
31
31
30
29
28
27
27
27
28
26
26
26
25
25
25
24
24
27
24
24
27
26
22
21
23
24
26
25
22
23
26
25
21
24
22
21
21
23
26
28
28
19
26
30
26
22
24
29
31
18
48
17
32
30
15
12
6
27
27
27
28
28
29
29
29
27
28
28
29
29
28
28
27
29
26
26
29
29
26
26
29
29
29
29
30
30
31
31
31
33
33
32
32
32
32
33
33
29
32
32
29
29
32
32
29
29
28
27
28
30
31
30
29
28
27
26
25
25
25
25
26
24
24
24
23
23
23
22
22
26
23
24
26
26
22
21
24
24
26
25
23
23
26
25
21
29
28
26
25
25
26
26
26
23
29
33
31
26
21
15
10
3
10
19
7
20
27
57
77
27
27
28
28
28
28
29
29
28
28
29
29
29
29
28
28
30
27
27
30
30
28
28
31
29
29
29
30
30
31
31
31
33
32
31
31
31
31
32
32
27
30
30
27
27
30
30
27
27
25
25
25
27
28
28
26
25
25
24
23
23
23
23
23
22
22
21
21
21
20
20
20
26
23
23
26
25
22
22
25
23
26
27
24
23
25
24
21
27
26
24
23
24
25
27
29
26
14
2
2
18
44
70
87
110
158
54
69
78
101
183
83
28
28
28
28
28
28
28
28
28
28
29
30
30
29
28
28
31
28
28
31
32
29
29
32
29
29
29
30
30
31
31
31
29
28
27
26
26
26
27
27
25
28
28
25
25
28
28
25
26
24
24
25
27
28
27
25
24
23
22
22
22
22
23
23
21
21
21
21
20
20
19
19
26
22
22
25
25
23
23
26
22
27
28
25
23
24
23
20
16
15
14
14
17
23
32
38
39
58
101
156
196
207
200
191
210
72
70
81
71
199
76
98