112
92
112
129
105
115
121
120
141
109
99
93
89
93
104
111
110
105
119
142
160
158
149
153
168
182
154
162
163
156
170
196
172
113
160
138
149
160
132
118
152
188
157
124
136
162
150
139
137
123
147
166
168
154
157
170
155
122
120
115
115
131
143
128
114
121
121
111
99
95
103
110
106
97
107
115
127
134
131
126
130
139
155
140
127
137
111
143
224
182
157
158
159
149
136
140
148
144
138
130
108
105
121
119
121
145
147
139
148
168
169
151
145
155
112
118
114
133
128
139
161
102
112
107
105
109
110
104
98
95
101
105
112
120
128
135
141
145
177
178
169
155
169
201
190
143
140
143
154
153
134
128
143
157
168
135
131
146
143
140
142
135
140
163
171
158
151
158
156
142
137
133
124
122
124
115
113
127
105
111
117
121
124
123
114
103
107
112
120
125
121
114
115
121
142
126
107
128
134
210
150
155
176
155
142
146
143
127
125
139
133
129
115
115
131
124
107
110
136
137
152
174
176
157
142
140
137
125
118
121
97
124
173
125
107
101
105
114
114
106
109
120
151
138
129
127
122
111
104
104
111
139
161
155
151
170
172
146
120
145
145
124
121
134
141
142
179
159
146
150
151
143
132
126
164
174
177
163
147
139
133
128
162
148
122
111
117
108
84
71
108
112
111
103
95
94
96
96
101
106
117
131
139
143
149
155
166
155
141
125
249
156
166
145
135
144
143
144
144
121
109
126
130
143
136
119
113
112
120
138
147
144
146
153
156
152
148
146
110
115
124
134
116
131
177
164
132
121
117
121
112
100
111
135
135
132
135
140
132
121
129
148
155
138
118
109
128
164
165
133
117
151
149
127
139
159
164
168
195
185
167
160
160
149
139
143
191
173
154
145
142
140
141
145
131
145
155
176
209
220
200
180
227
224
211
193
181
184
194
201
238
237
241
249
254
253
253
255
254
238
255
255
149
144
154
160
148
170
144
114
135
145
114
90
111
121
120
111
117
131
137
136
159
153
143
136
140
149
155
155
105
112
102
107
113
108
127
151
131
120
117
120
111
101
116
142
140
135
133
126
104
82
86
105
102
121
138
130
116
127
144
144
106
137
144
139
153
165
173
189
206
194
171
155
151
148
162
188
191
171
159
160
156
140
128
128
117
164
205
226
244
253
253
255
254
255
253
246
242
244
246
245
252
246
243
245
243
237
233
232
237
244
216
177
159
154
178
157
150
232
246
191
161
145
119
105
126
136
135
113
98
109
125
126
150
153
154
152
155
159
155
147
118
114
83
77
100
95
92
121
98
93
95
101
99
95
105
124
105
98
96
99
97
91
95
104
112
101
91
78
75
98
127
134
108
125
135
137
139
147
176
213
196
179
168
161
145
137
159
188
195
174
157
151
141
129
133
148
217
244
255
249
244
237
234
240
237
239
240
238
239
242
240
236
240
237
236
241
243
242
242
244
246
231
81
117
187
157
134
127
225
251
251
245
255
242
191
150
84
94
111
116
115
130
140
128
147
154
161
164
164
162
156
150
93
108
118
123
140
142
125
123
115
109
102
97
91
86
88
94
106
104
103
106
112
117
120
121
107
118
135
128
98
84
87
89
108
123
149
156
139
144
187
228
189
164
168
178
153
136
154
176
181
151
125
125
142
171
211
245
237
239
231
230
241
244
240
242
242
243
240
234
234
238
240
239
247
243
242
243
241
237
238
241
242
104
135
179
141
164
162
221
252
244
237
239
248
252
254
255
238
174
115
90
97
126
131
104
149
151
156
159
156
153
155
160
111
131
159
144
123
136
138
122
139
131
118
109
108
113
118
121
123
129
131
125
121
123
127
128
122
115
125
142
144
134
110
83
63
95
152
174
145
137
169
194
202
161
167
185
160
148
176
199
130
124
141
187
231
250
249
244
234
239
237
237
242
238
236
246
229
237
242
240
237
239
240
239
239
238
238
240
239
237
241
247
196
125
173
153
149
145
174
248
211
217
233
239
229
228
239
244
253
248
254
237
190
159
144
122
138
142
152
159
154
145
146
154
101
131
143
131
125
123
120
121
127
123
125
120
106
106
116
117
111
117
117
113
121
135
138
129
115
128
135
129
119
121
131
139
115
62
125
172
145
150
179
203
220
154
173
230
150
157
164
168
147
190
234
251
251
244
233
221
222
226
232
236
237
236
235
236
241
239
236
233
233
235
237
238
229
248
241
227
243
224
243
232
192
197
171
167
190
185
236
221
227
230
234
235
234
234
234
234
241
239
238
240
244
246
243
240
196
179
167
167
170
167
162
160
104
110
115
114
113
116
114
106
126
127
134
127
107
102
112
116
112
112
111
114
123
129
123
113
114
123
130
129
128
131
135
136
143
98
126
160
154
171
202
213
216
198
169
224
198
186
188
213
242
246
249
244
230
217
214
217
223
224
226
226
224
224
226
228
227
229
232
234
234
235
236
238
239
231
209
176
172
177
157
175
173
182
181
184
189
160
182
173
169
170
172
171
170
169
170
172
176
177
178
177
177
176
177
177
196
188
184
187
189
186
184
185
123
111
115
117
111
119
124
108
134
141
153
146
121
114
126
133
121
110
106
119
134
138
129
121
128
130
131
133
139
146
148
145
140
114
114
151
162
162
188
199
209
204
145
208
222
218
234
250
246
236
233
236
231
221
223
235
229
228
225
221
218
219
223
226
231
233
234
231
227
225
227
229
243
243
134
134
144
148
159
150
151
145
152
155
161
143
154
160
164
165
165
164
162
161
163
165
157
160
162
160
156
154
158
162
154
155
158
163
163
160
160
162
111
105
117
116
104
126
142
117
131
137
148
143
123
120
133
140
120
100
94
116
139
145
140
138
143
141
137
135
141
150
153
151
125
115
97
139
159
137
161
190
177
157
139
213
227
241
255
239
231
228
229
232
228
218
216
220
229
228
225
221
218
220
224
228
228
230
232
231
231
235
244
251
234
243
121
83
78
73
96
82
86
72
72
63
69
75
72
76
70
72
74
74
72
72
72
74
76
78
78
77
75
75
78
81
75
76
79
82
82
80
79
79
107
106
118
117
120
161
175
135
122
119
125
122
110
113
124
127
110
90
87
113
137
139
132
129
140
143
144
140
140
143
143
140
136
138
104
125
154
138
151
172
145
150
185
239
245
250
233
223
237
241
237
222
213
214
217
216
221
221
221
219
218
219
222
225
224
226
228
226
223
222
224
226
205
237
233
74
30
68
50
62
73
95
118
117
119
136
123
113
123
127
131
134
134
133
132
133
120
118
117
118
121
124
123
122
119
117
114
114
117
120
118
114
131
125
122
120
139
180
179
132
131
123
124
123
117
122
131
128
119
107
108
130
145
139
125
118
130
141
150
151
147
141
134
127
146
160
132
128
157
151
131
123
168
212
239
241
250
237
209
244
218
229
230
218
214
224
230
227
218
219
220
218
217
216
218
220
223
226
230
231
228
220
210
204
225
191
226
170
129
81
74
147
116
177
213
223
214
233
234
223
227
231
235
238
238
238
239
240
243
240
239
241
246
248
245
241
249
246
241
239
243
249
248
243
133
125
114
112
128
146
140
119
133
126
129
131
127
132
140
136
138
132
132
142
149
143
132
126
126
136
146
148
146
142
133
125
141
144
141
141
159
150
128
149
222
254
247
233
234
222
225
245
223
224
223
220
219
220
217
214
220
220
218
213
209
207
208
209
208
211
218
228
236
238
233
227
185
213
199
151
118
126
141
94
143
195
195
205
183
192
206
195
211
212
213
213
212
214
218
221
220
221
222
224
224
222
219
216
223
225
223
217
217
221
223
220
124
123
118
120
125
121
125
141
110
107
115
120
117
123
131
128
143
137
133
133
136
137
137
137
125
129
131
132
135
137
133
127
139
115
128
144
154
143
160
253
248
242
227
241
225
220
255
206
241
222
210
213
217
214
216
223
219
216
210
203
196
193
193
195
202
196
190
191
195
197
194
188
209
184
179
158
111
137
124
115
187
217
185
207
194
199
215
199
215
213
211
207
207
210
216
221
224
228
233
232
227
221
219
219
221
229
230
222
215
216
218
217
132
119
103
96
114
148
151
121
135
126
125
123
102
83
101
137
134
136
134
129
129
133
136
136
135
127
129
139
136
125
133
153
156
174
122
127
158
196
255
235
235
237
236
232
229
229
230
229
222
215
208
206
204
202
206
211
213
212
209
203
198
196
200
203
195
204
184
169
181
173
155
160
191
182
155
140
136
135
118
208
190
198
203
200
200
202
200
195
201
201
201
202
206
214
224
231
229
225
219
214
212
213
215
217
224
217
216
223
222
214
213
221
109
103
111
120
116
113
112
105
115
120
127
124
109
97
105
121
151
154
152
145
140
139
137
133
139
140
137
128
116
114
127
143
175
169
151
132
200
248
218
241
235
236
236
233
229
228
228
228
215
209
206
208
210
209
210
213
208
209
209
205
201
198
199
200
205
202
195
208
206
219
204
189
182
166
146
135
151
105
165
199
189
196
200
198
197
198
195
190
198
197
196
194
193
194
198
202
217
216
214
212
212
212
214
215
220
213
213
218
217
208
206
212
108
112
129
137
127
120
123
121
78
113
140
128
99
89
108
131
150
154
153
146
138
133
127
121
142
152
154
148
148
158
165
165
154
144
136
179
245
251
226
235
233
233
234
232
228
224
223
224
214
206
202
205
207
204
198
196
206
208
210
209
206
202
200
200
205
191
196
215
195
213
208
181
168
162
138
148
129
140
192
199
184
188
192
192
193
195
194
190
189
191
192
193
192
192
194
196
208
209
212
214
215
215
214
213
209
205
206
213
212
205
202
206
122
129
133
126
130
157
167
150
77
110
135
126
98
91
117
147
137
143
144
139
132
129
127
123
130
135
143
153
166
170
156
137
122
101
149
238
248
229
239
229
231
230
230
229
225
218
216
218
212
203
197
201
205
201
194
189
203
204
204
203
201
198
196
195
209
199
207
203
195
193
195
174
158
153
149
135
118
189
187
196
178
179
180
183
188
194
197
197
189
192
194
196
196
198
200
202
199
202
207
211
211
209
205
202
199
198
202
210
211
207
206
209
123
126
126
118
124
153
164
146
113
108
110
118
118
114
120
132
134
140
142
137
134
136
139
140
144
139
139
145
143
127
108
98
109
111
229
253
227
239
214
234
231
228
227
227
222
214
212
215
204
196
193
200
207
208
204
202
198
195
193
190
189
189
189
189
202
199
202
180
218
194
185
168
155
136
148
112
159
179
180
187
179
176
174
178
186
193
199
202
199
199
198
195
192
191
192
194
190
193
197
200
200
196
192
189
199
200
204
211
213
212
211
212
125
123
133
139
128
124
129
127
122
109
107
119
123
114
110
115
126
132
134
130
128
133
141
146
164
159
155
147
128
112
114
127
106
198
255
235
230
236
219
234
232
225
223
223
217
208
207
212
201
195
193
198
203
201
197
196
196
192
187
185
186
189
192
193
198
196
189
171
225
198
171
148
154
142
115
150
188
163
176
189
184
178
175
181
188
193
198
201
201
201
200
197
193
192
193
195
192
194
196
197
197
196
194
193
206
207
210
213
214
214
213
212
137
136
145
146
129
120
122
121
116
119
123
122
118
115
117
121
113
121
125
122
121
128
138
144
152
156
153
141
130
128
134
140
160
255
232
227
242
224
241
228
227
218
213
213
207
197
197
205
198
195
195
199
197
190
183
180
190
186
183
183
188
193
197
198
207
207
197
194
194
187
163
148
147
137
116
191
181
177
181
190
183
177
178
188
197
199
199
201
197
200
202
203
203
202
203
204
198
198
198
199
202
206
209
212
208
210
211
212
214
215
215
214
142
145
141
123
115
134
141
122
132
133
125
118
127
143
143
131
110
119
126
126
127
134
145
151
147
155
152
142
144
150
135
110
253
241
231
233
239
237
231
228
220
210
204
204
197
187
188
197
191
192
197
203
201
192
185
183
177
174
173
177
184
191
194
195
194
201
195
204
137
154
152
155
140
103
164
175
174
184
193
179
177
174
179
194
205
205
202
203
198
202
207
209
207
204
202
201
197
196
196
198
203
211
219
224
205
208
209
210
213
217
219
219
152
140
134
141
146
140
129
122
131
128
141
147
141
151
152
128
125
116
118
131
134
127
130
141
165
136
153
153
129
131
115
218
242
236
238
237
226
226
230
226
213
214
213
208
200
192
187
184
201
193
196
194
179
174
184
191
170
177
181
181
178
178
178
178
189
185
215
165
96
159
160
145
109
161
191
179
175
196
203
189
169
187
189
190
203
201
197
210
210
205
200
200
205
207
203
196
200
200
202
208
215
219
218
216
211
213
215
216
216
217
219
222
149
138
132
135
140
137
133
132
128
129
138
138
138
158
156
123
115
122
132
133
123
118
136
160
148
161
140
144
165
126
189
247
243
236
236
233
222
222
227
223
210
208
205
201
197
193
189
187
185
184
188
186
183
195
204
197
166
178
189
187
179
178
187
198
173
199
191
127
154
149
143
118
129
162
190
196
196
199
192
178
187
186
185
193
206
204
197
199
200
204
206
205
207
207
198
186
204
204
207
211
217
219
217
215
213
211
211
213
217
218
217
214
159
152
146
145
146
146
148
151
140
129
126
126
129
140
138
117
110
123
131
124
112
116
141
165
149
173
155
157
153
138
240
251
242
234
233
229
217
216
221
217
210
204
197
193
192
191
188
186
170
173
175
171
175
196
200
180
172
178
184
184
180
182
191
201
184
181
189
141
169
149
140
107
171
170
175
186
192
192
191
192
189
175
180
196
198
193
192
192
190
201
207
203
205
212
209
198
209
210
212
216
218
218
215
212
218
214
211
215
221
222
217
211
162
161
158
153
147
144
145
147
148
121
107
113
118
121
128
137
122
125
123
117
119
132
148
156
166
162
186
172
114
190
247
239
238
231
231
227
214
212
214
209
215
205
194
188
188
188
186
183
197
195
195
191
189
200
199
179
188
178
170
174
183
188
188
186
196
175
192
167
152
147
123
145
188
175
167
173
182
188
195
203
182
165
181
202
191
183
193
198
193
204
203
191
192
206
214
209
212
213
215
217
218
215
212
209
216
213
212
215
219
220
216
211
148
152
153
146
135
125
120
118
164
146
119
100
98
105
117
130
137
136
131
128
135
148
156
157
173
163
178
144
137
244
249
239
232
227
230
227
214
210
210
203
214
205
193
188
188
190
189
186
192
184
187
190
181
177
177
170
197
182
172
178
188
191
189
186
189
199
164
152
157
122
114
187
170
177
184
187
192
196
194
187
190
169
182
204
199
193
200
200
203
209
204
188
183
194
202
201
212
214
216
216
215
211
208
207
210
211
213
213
212
211
210
210
141
148
151
143
131
120
112
106
138
149
125
89
91
114
125
125
138
142
145
144
142
146
157
167
171
177
138
111
210
253
245
231
229
224
227
226
213
210
211
204
207
201
193
190
191
193
193
193
195
188
196
205
196
190
195
196
193
188
188
194
194
192
196
204
197
187
141
149
148
104
168
181
168
188
200
197
196
200
194
182
203
181
179
198
207
205
197
189
200
205
205
200
198
201
204
205
212
214
215
214
211
208
207
207
215
216
217
214
210
207
208
209
144
151
152
143
135
130
126
121
97
115
110
103
124
142
144
149
141
142
148
152
148
145
157
174
170
158
125
156
252
241
232
221
229
223
224
221
210
210
214
210
202
200
196
194
192
193
193
194
184
184
192
195
188
191
196
191
191
188
192
201
201
195
198
208
198
147
151
159
108
139
197
165
182
195
200
195
191
196
198
194
200
197
191
197
208
203
192
192
192
193
199
208
212
211
213
218
213
214
215
213
209
208
209
211
224
220
215
210
206
203
201
200
141
146
144
136
131
133
135
133
134
128
124
145
162
135
114
131
153
145
145
156
159
156
164
179
168
117
143
242
250
245
227
227
231
223
222
218
207
210
217
215
202
202
200
197
192
190
189
190
199
204
208
200
193
204
205
187
196
184
182
196
206
201
195
195
172
134
170
148
79
197
152
176
184
190
196
198
197
196
196
198
190
212
214
207
207
197
194
211
193
186
190
203
208
204
206
215
213
214
214
212
209
208
211
214
225
216
205
199
197
195
189
184
130
137
144
133
119
126
136
130
145
123
142
163
145
136
147
145
136
148
148
138
146
167
171
158
167
137
170
254
245
238
219
226
212
212
213
214
214
214
214
213
194
199
204
203
198
194
195
197
191
188
194
207
209
200
194
195
190
195
194
213
205
197
212
182
157
153
162
94
167
187
162
177
179
187
205
185
200
189
190
192
199
206
208
204
203
205
203
198
191
195
199
202
203
204
205
206
211
214
210
202
202
210
217
218
204
209
208
200
198
201
195
185
134
125
131
137
130
123
118
109
112
132
140
154
169
146
124
142
151
148
137
130
144
166
168
155
161
143
192
253
239
224
215
221
211
211
211
211
210
209
209
208
192
197
201
201
198
197
199
202
197
196
200
205
204
196
189
187
186
192
193
203
208
208
196
160
149
156
115
147
196
183
189
174
193
189
196
184
205
194
192
193
201
207
209
203
198
199
198
195
204
207
209
209
209
208
210
211
211
214
211
205
204
210
213
212
209
210
207
200
195
192
186
180
147
125
123
131
120
108
112
121
141
152
144
151
173
153
117
114
154
140
125
127
146
165
166
158
156
153
224
249
232
210
214
217
210
210
209
208
206
205
204
204
199
202
204
203
200
200
203
207
198
202
203
200
197
194
189
182
188
192
197
196
214
217
175
145
162
149
97
190
198
176
177
157
193
199
202
193
200
184
190
199
201
206
207
201
195
194
196
197
208
209
208
206
204
203
204
205
204
206
205
203
204
208
210
209
218
212
207
204
198
190
187
187
146
133
135
136
115
104
125
149
152
133
141
151
142
150
153
129
134
126
124
136
153
163
165
165
156
162
247
238
224
203
217
215
209
209
208
206
206
205
205
205
204
205
204
200
197
197
199
202
192
200
202
195
193
196
193
185
191
190
200
193
209
205
154
149
160
117
134
198
184
200
169
178
181
197
193
191
198
189
193
192
199
203
205
200
194
194
199
204
205
204
203
200
197
196
197
199
196
195
194
195
199
205
208
209
216
208
204
206
201
192
192
199
136
136
149
152
134
127
144
158
139
129
143
144
121
126
142
133
111
120
136
153
158
157
161
169
157
162
252
222
212
202
219
212
208
208
207
206
206
207
208
209
202
201
198
195
193
193
195
197
187
197
200
193
191
195
195
189
193
190
202
193
194
176
140
162
141
108
175
180
166
195
159
174
179
193
175
188
206
208
202
183
203
204
204
202
197
196
201
207
206
206
205
203
201
200
202
204
199
194
190
191
196
202
207
210
208
201
199
201
196
189
191
200
152
139
139
145
141
145
157
162
144
147
128
126
145
131
104
109
108
125
148
160
157
151
156
166
157
159
247
210
201
204
215
207
208
207
206
205
206
207
209
210
202
201
199
198
198
199
201
203
187
193
198
195
192
192
192
190
199
200
208
199
181
158
144
165
117
119
168
160
172
180
172
175
187
198
172
199
207
198
200
195
211
208
205
204
201
197
199
203
206
207
208
207
205
205
207
209
211
202
194
194
198
200
204
208
207
205
203
200
194
189
191
197
167
137
128
138
134
131
146
163
145
133
108
117
151
144
121
128
123
136
148
151
150
153
160
165
156
158
244
210
196
209
210
205
207
205
203
202
202
203
204
206
206
205
203
202
203
204
204
204
185
188
194
198
194
189
189
193
199
210
209
198
169
151
154
143
90
89
99
108
161
169
168
191
181
160
115
178
202
189
197
211
213
206
202
204
204
200
198
200
202
204
206
206
204
203
204
205
215
204
197
199
202
201
202
204
205
209
209
201
193
192
194
194
156
128
132
152
137
111
122
151
159
128
129
132
106
105
135
149
138
142
141
138
144
158
167
167
158
161
247
217
196
214
208
206
206
204
201
199
198
198
199
200
206
204
201
199
199
198
197
195
182
182
190
199
197
188
189
198
189
210
202
187
155
145
154
111
82
40
20
24
88
104
69
128
166
87
11
123
204
208
204
209
210
201
198
203
207
204
201
202
200
203
205
205
204
202
202
202
210
200
196
200
204
203
201
203
196
205
206
195
188
191
193
190
136
143
131
116
124
139
152
164
173
161
131
101
140
132
127
127
122
101
152
128
143
156
153
190
112
169
243
192
200
208
193
209
213
202
193
193
197
199
201
204
205
204
202
200
198
197
195
193
188
173
190
192
181
192
192
183
174
180
183
170
163
180
184
168
150
158
164
160
150
144
146
151
153
137
153
156
190
184
193
207
186
181
180
188
203
212
212
208
203
204
205
202
199
199
203
208
201
197
201
209
208
201
204
217
204
213
195
199
190
200
181
183
114
118
116
116
123
133
153
178
180
165
157
147
158
114
98
106
103
104
142
131
143
152
167
184
114
190
236
196
201
210
197
210
194
189
189
198
206
209
210
212
206
201
197
198
200
200
194
188
174
197
175
181
202
191
179
164
164
149
150
177
180
167
168
162
178
181
185
185
182
180
182
184
200
187
191
181
174
178
180
168
184
180
176
174
175
174
170
167
186
184
181
179
179
179
179
179
174
187
187
173
175
190
190
176
178
189
178
185
176
185
176
185
123
117
113
111
100
90
100
121
130
138
170
187
183
135
116
116
99
123
136
137
141
142
174
158
114
217
221
198
199
209
198
204
191
188
189
198
205
206
206
207
201
195
191
193
198
198
189
181
190
186
166
197
195
183
176
80
115
120
106
111
103
104
141
140
122
122
123
125
129
132
133
134
132
140
150
141
122
143
157
136
150
152
155
158
160
163
165
168
165
161
160
163
169
172
171
168
171
165
164
171
178
180
180
181
172
178
175
180
168
171
170
180
106
98
99
102
98
96
97
96
109
111
121
113
105
109
129
134
107
142
129
140
140
141
180
129
112
237
204
200
197
204
195
192
193
188
188
193
198
198
199
201
198
195
194
196
198
197
189
183
197
176
178
201
173
182
190
85
34
53
46
57
55
60
92
74
55
55
54
55
58
62
65
67
54
70
72
59
65
62
71
55
69
70
70
71
71
70
70
70
81
80
80
83
87
89
87
85
104
90
89
104
109
101
103
115
106
105
111
121
118
123
129
134
97
91
96
106
119
139
134
103
127
114
95
78
62
77
96
104
115
142
121
138
139
155
183
112
119
246
195
205
199
201
194
182
181
181
186
196
202
202
202
204
198
200
203
203
200
196
193
192
179
192
195
176
173
198
202
181
103
67
38
69
85
69
64
38
41
43
43
40
37
38
42
47
46
51
43
66
146
125
123
117
113
110
108
109
111
110
106
102
95
96
96
92
86
80
78
79
63
75
73
57
52
62
63
54
64
52
57
58
55
55
55
37
116
105
107
110
119
142
131
82
115
104
96
113
103
93
86
105
129
136
125
138
133
167
164
90
136
247
194
210
203
200
198
181
179
183
194
207
211
206
201
200
193
198
202
200
195
191
191
193
191
181
193
180
180
210
196
160
152
112
86
85
96
102
80
47
44
45
45
41
35
34
37
42
49
36
29
116
238
222
214
211
207
206
207
214
223
228
227
224
222
224
224
218
210
205
205
207
198
202
201
194
187
188
192
193
193
176
181
170
167
163
155
112
112
95
100
106
104
123
121
82
89
91
77
95
93
95
98
142
134
120
136
138
126
173
136
72
157
240
196
211
203
197
203
185
194
195
200
207
206
200
196
196
193
195
196
195
192
190
189
190
204
177
183
198
189
200
182
98
86
89
114
95
102
132
89
45
48
47
45
43
42
41
41
42
45
26
23
149
199
186
173
168
193
195
196
197
197
195
193
192
202
201
200
197
195
194
195
196
190
175
175
188
189
177
182
199
181
173
192
182
189
197
194
137
116
94
102
110
97
105
113
91
70
105
92
90
83
94
91
129
121
98
138
137
122
181
124
73
170
233
197
207
199
193
206
188
203
198
195
195
195
194
199
206
202
199
197
197
198
198
196
193
180
214
182
190
205
182
173
136
144
107
127
110
115
134
75
50
47
42
38
39
43
45
42
38
29
26
48
205
180
184
191
195
195
200
205
204
199
196
197
199
206
201
194
192
193
193
191
189
185
188
184
176
180
192
193
184
174
170
193
175
178
184
181
114
113
122
119
115
115
105
90
88
92
80
103
97
90
97
96
132
122
127
131
122
134
172
107
82
192
225
204
206
198
200
195
203
191
194
198
200
200
199
199
200
193
196
200
200
197
196
198
201
206
194
206
191
195
170
151
126
59
118
102
83
133
123
59
49
42
36
36
43
44
38
38
44
39
13
102
186
178
202
181
183
205
206
202
195
193
198
199
195
188
196
196
188
187
196
200
197
184
182
183
189
195
192
180
170
194
177
182
176
190
196
142
106
104
105
93
87
100
104
94
87
96
107
85
90
90
89
123
124
125
114
132
111
136
163
86
92
210
227
199
206
198
189
180
192
192
194
196
198
200
202
205
207
200
202
203
204
202
201
202
202
191
206
191
203
141
80
167
75
107
134
92
102
142
106
65
53
40
39
42
44
42
38
38
43
34
20
124
184
179
183
189
207
194
197
196
193
195
200
200
195
191
193
191
187
186
190
192
191
185
181
178
179
183
186
188
188
181
164
173
175
182
178
140
126
93
105
97
81
83
93
100
107
102
112
81
77
84
98
132
122
125
107
131
100
144
148
68
103
215
224
194
210
208
196
186
203
206
205
202
200
199
200
201
203
203
202
201
202
203
203
201
199
208
208
200
180
80
154
168
145
138
134
73
98
130
95
77
47
37
43
47
44
40
40
39
37
39
34
134
174
187
180
190
195
192
194
195
195
198
201
200
195
196
191
187
188
188
185
184
186
169
173
178
182
183
182
181
180
173
162
173
179
176
163
142
148
78
93
87
71
77
92
99
104
97
83
90
70
80
115
114
127
117
118
123
95
152
129
67
104
203
222
198
212
212
208
201
214
212
210
206
204
203
202
201
200
203
201
200
202
205
206
203
200
204
215
140
100
95
192
155
157
135
109
64
74
100
102
88
42
37
45
46
41
40
44
40
31
31
60
147
174
183
186
187
183
197
196
194
193
195
196
193
189
199
189
186
191
191
184
182
187
171
174
179
183
184
180
174
169
170
170
179
180
170
155
144
148
93
90
75
75
104
121
107
87
77
64
83
77
86
109
104
125
104
135
106
93
152
108
76
95
192
228
210
211
206
209
202
205
203
203
204
207
211
212
211
208
207
205
204
207
211
212
210
207
180
128
82
34
166
169
140
132
129
75
63
62
80
106
77
46
40
43
42
39
43
49
42
29
29
103
169
183
164
186
191
201
201
194
188
187
189
189
186
184
195
186
185
190
190
183
182
188
192
183
174
172
176
180
179
177
165
176
178
173
164
155
146
133
103
104
96
98
114
113
91
76
63
76
66
88
94
88
115
114
101
141
86
92
141
92
78
91
187
231
214
210
204
214
209
208
206
205
206
209
214
214
211
207
205
205
205
207
209
210
209
207
190
65
50
86
189
155
151
147
121
50
59
61
69
86
50
47
42
41
40
41
47
51
46
37
72
135
158
167
160
193
191
202
203
194
187
188
192
192
190
190
186
185
186
187
185
181
182
186
184
176
169
170
177
180
177
171
167
181
174
171
168
160
152
126
80
96
106
106
98
77
68
78
74
90
73
81
86
90
119
110
117
133
73
94
128
88
70
102
190
224
204
208
207
216
213
218
216
212
209
209
212
212
207
203
205
206
207
207
205
203
203
204
185
99
23
169
166
116
161
119
94
48
54
56
57
64
44
42
43
42
44
49
50
49
49
53
92
114
109
128
170
191
188
193
201
191
186
190
195
193
190
189
181
189
192
187
181
180
183
184
172
171
172
177
181
180
173
167
178
184
169
174
173
156
151
128
75
89
102
114
114
96
91
107
96
91
97
65
70
111
108
114
136
122
70
98
120
91
61
117
200
219
192
202
204
206
202
213
214
209
204
205
210
214
213
211
210
213
214
212
207
203
203
205
147
60
75
167
160
156
134
115
64
62
56
49
48
62
64
40
42
42
49
56
52
45
52
66
56
65
73
102
173
173
188
208
193
184
180
186
190
186
180
177
181
195
199
189
180
182
186
185
188
184
179
175
174
177
182
185
185
181
160
174
170
143
140
125
70
74
81
85
83
81
83
87
77
83
75
70
83
102
118
133
132
86
79
99
106
76
60
127
211
218
198
198
209
208
215
214
203
205
207
207
206
207
208
210
217
203
219
202
200
215
171
135
64
28
132
164
147
141
130
95
52
52
47
49
61
69
57
38
41
43
52
59
53
44
47
58
48
57
71
98
142
183
198
192
181
184
185
184
179
174
171
170
188
188
185
179
181
188
194
195
189
186
182
180
180
180
181
181
176
172
194
167
148
147
143
99
73
72
71
68
64
64
72
83
72
58
58
75
86
94
112
133
117
81
82
93
106
71
62
121
201
214
201
205
214
211
217
214
206
208
209
208
206
206
207
208
215
200
203
227
199
177
154
52
43
59
166
166
160
138
115
83
50
51
43
44
61
66
50
37
40
43
57
62
51
48
57
62
49
60
72
89
124
166
191
195
188
189
189
188
185
183
182
183
190
190
186
181
181
187
192
192
191
185
179
178
181
183
180
176
179
177
181
165
149
156
124
96
90
88
87
85
81
82
94
109
107
76
68
74
75
95
126
137
98
77
90
87
107
66
69
114
188
210
206
212
219
213
218
215
210
211
212
210
208
206
207
208
216
202
193
219
203
166
126
35
44
97
151
108
139
142
99
61
50
54
40
41
64
64
44
38
40
41
58
61
46
52
67
61
51
64
72
77
102
146
183
198
186
186
186
184
183
183
185
188
191
191
187
181
181
186
189
188
194
186
179
180
185
187
181
175
181
179
169
161
152
153
104
112
76
77
81
86
82
77
83
94
125
105
96
81
75
118
148
126
83
76
96
83
110
65
78
108
181
210
211
216
219
213
218
216
213
214
214
213
211
209
210
211
208
209
207
194
210
169
73
64
50
120
114
67
110
136
74
55
54
57
42
43
67
62
41
42
43
41
55
56
44
57
69
52
55
67
70
69
92
139
180
196
180
181
182
181
180
180
181
183
186
188
185
180
179
184
186
185
188
183
179
179
182
182
178
173
182
172
166
155
152
120
96
149
60
58
62
68
64
54
55
63
96
92
100
97
99
138
148
105
73
76
92
81
109
65
81
99
180
212
214
215
216
210
218
216
214
215
216
215
214
213
214
216
201
215
221
201
193
124
31
50
63
124
102
110
119
112
38
74
57
55
44
49
64
55
40
44
51
47
52
53
51
63
65
46
59
68
67
66
94
145
181
190
181
183
186
186
184
182
180
180
179
182
180
177
177
181
183
181
176
177
178
178
175
173
171
171
182
163
170
147
142
69
103
180
69
59
57
66
68
63
66
77
88
79
86
98
111
132
128
95
70
76
79
79
104
67
78
90
180
213
214
212
212
209
217
214
213
215
216
216
214
214
215
216
215
218
210
216
151
61
46
39
111
117
92
149
134
86
24
86
60
47
47
57
55
46
41
43
56
56
53
54
64
67
58
49
62
68
65
66
100
153
181
181
180
183
187
187
184
181
178
177
175
178
178
175
175
179
180
178
173
178
183
183
178
175
175
177
179
160
167
144
126
42
130
185
77
62
56
66
73
70
73
82
91
90
85
88
110
130
117
85
74
80
66
81
101
71
75
85
177
211
212
210
212
210
218
212
214
215
215
214
212
211
211
212
222
212
204
211
137
51
59
69
135
115
107
143
117
65
44
74
64
42
53
67
48
39
47
44
50
62
54
56
73
63
47
57
64
69
65
66
101
154
179
173
179
181
182
182
180
178
177
177
176
179
179
175
175
178
177
174
176
180
184
186
185
182
181
180
172
162
154
149
115
61
176
173
94
75
66
75
79
69
63
66
68
97
96
84
114
146
118
65
81
85
60
85
101
77
75
85
174
208
210
209
213
212
218
211
214
215
215
212
209
207
207
208
208
202
217
201
160
83
32
91
105
120
157
139
90
48
70
59
69
40
59
76
46
37
53
46
42
63
54
55
76
57
37
64
64
70
65
65
99
151
175
168
181
182
182
180
179
179
181
183
178
181
180
177
175
177
175
171
173
174
176
180
183
183
179
174
165
165
142
157
112
94
214
162
120
109
75
72
53
53
41
62
65
78
77
108
119
138
102
70
88
64
79
90
90
78
72
78
162
220
224
207
208
212
219
214
214
212
210
211
214
215
214
211
202
224
217
184
116
51
44
190
143
138
144
100
79
49
57
68
88
50
33
83
40
48
47
45
52
48
62
74
63
30
69
64
71
57
61
83
102
117
152
190
176
185
186
176
173
180
183
179
184
182
177
175
180
184
175
161
177
172
168
170
175
178
175
171
160
163
153
134
95
150
176
146
91
84
66
78
59
41
24
49
73
75
83
111
119
130
93
77
77
73
90
85
92
64
78
82
172
214
211
205
210
208
214
216
216
214
212
214
216
216
214
211
211
202
203
207
98
35
130
146
114
162
153
105
48
56
50
64
96
66
41
70
48
47
38
44
46
47
57
76
58
52
70
72
57
79
89
85
96
131
162
173
170
179
182
177
180
190
195
191
175
177
176
173
174
176
171
162
169
171
175
178
179
176
170
166
154
148
151
117
106
163
170
165
52
49
49
77
71
53
45
77
88
72
91
116
120
120
80
86
72
82
85
80
98
58
85
83
181
208
201
203
214
207
212
220
217
216
216
217
218
217
214
211
219
214
193
111
50
43
108
101
65
139
129
81
43
61
58
74
97
83
49
53
69
61
35
48
43
48
59
75
52
74
67
77
69
87
85
69
86
138
172
175
176
181
180
176
179
187
188
182
171
175
177
174
172
171
169
165
167
172
177
178
174
169
165
164
159
146
149
100
124
167
154
172
49
46
43
60
68
65
70
98
104
73
95
119
124
112
74
92
75
85
60
87
100
66
86
89
179
209
202
203
216
211
216
221
218
219
219
220
219
217
214
212
200
204
135
38
54
80
99
125
72
120
108
53
61
40
48
56
87
87
53
44
99
93
45
54
46
53
74
68
52
75
61
74
87
74
63
73
106
146
175
186
184
184
181
177
178
182
180
173
178
179
180
179
177
174
171
168
173
173
171
168
165
163
163
163
160
151
135
96
146
160
151
172
78
74
60
49
61
66
71
79
109
77
97
118
127
104
76
91
74
82
42
107
87
72
81
104
169
211
208
202
212
214
219
217
218
219
220
219
218
216
214
214
230
196
85
74
61
66
108
82
76
115
90
44
62
40
51
54
76
83
56
47
122
129
60
55
51
58
87
58
59
64
59
70
77
67
72
101
136
159
174
184
179
179
178
178
183
187
186
181
186
182
180
181
182
178
172
167
179
174
169
167
168
167
162
158
151
149
111
109
167
153
165
173
84
86
78
59
78
84
87
80
99
85
97
115
124
91
85
88
72
76
45
120
67
77
81
114
170
214
211
201
210
213
217
211
217
218
218
217
215
214
214
216
210
170
92
60
55
131
146
108
66
114
65
46
37
54
62
62
68
77
60
55
120
150
73
53
57
66
83
54
66
56
62
69
61
75
88
100
125
158
177
179
171
171
172
174
177
179
178
177
185
179
176
180
181
177
170
166
178
174
173
175
177
173
162
153
154
144
101
135
174
149
170
163
63
68
74
65
90
85
88
84
78
93
99
112
116
75
95
84
83
67
53
110
58
94
91
99
191
220
208
205
216
211
212
211
215
216
215
213
211
211
214
217
228
208
160
44
84
184
134
140
104
114
49
45
36
44
55
46
63
68
61
61
97
153
82
54
69
81
67
60
69
58
61
65
62
76
81
84
116
161
179
169
165
166
167
168
166
163
163
164
176
173
174
179
178
172
169
171
175
174
175
176
175
170
161
155
161
127
106
161
170
157
165
155
50
50
60
54
73
51
54
57
61
97
100
111
109
63
101
82
100
60
53
90
60
115
104
75
214
225
206
211
225
212
209
214
213
214
213
211
208
209
214
219
208
194
143
76
137
159
138
156
135
84
26
37
72
44
73
60
57
61
60
63
76
150
88
60
81
96
53
68
68
63
57
60
66
64
66
91
140
180
177
152
159
161
165
167
164
161
162
166
169
170
175
180
175
168
169
177
174
174
173
169
164
160
160
161
157
102
109
173
166
173
167
162
71
55
56
55
43
49
56
41
60
94
104
129
79
78
94
70
107
50
53
89
67
100
75
104
227
209
207
216
216
216
219
216
212
204
201
206
210
210
213
219
213
209
110
74
160
157
161
130
115
50
30
53
38
59
55
62
64
70
67
45
54
144
120
61
108
71
79
70
66
64
76
52
68
61
81
119
129
120
141
182
178
163
162
176
175
158
156
170
173
171
170
172
175
175
171
166
168
172
169
180
156
167
159
157
143
89
147
181
178
151
155
163
52
47
57
57
43
46
58
53
81
99
94
115
74
102
86
78
102
39
88
65
84
111
48
136
236
208
194
198
200
206
213
211
207
202
201
204
205
202
203
207
198
185
183
146
164
146
151
131
99
45
47
53
48
48
46
40
45
59
67
52
64
154
144
94
116
64
74
61
62
68
71
53
53
62
68
70
80
105
134
152
183
178
175
175
170
166
172
184
168
171
174
176
177
178
178
179
176
176
176
178
161
164
160
152
125
111
163
168
166
158
160
153
40
45
59
62
48
48
60
63
83
99
100
102
71
118
73
95
77
44
98
49
100
91
36
159
242
210
192
193
196
202
208
205
201
199
200
201
198
193
192
195
184
198
205
191
135
162
110
134
72
34
53
41
45
34
37
24
47
62
76
65
68
139
150
123
131
60
75
57
62
77
68
61
53
65
63
52
64
104
140
154
172
185
194
190
181
176
175
174
160
166
171
172
170
170
174
178
178
174
180
171
165
159
161
146
105
129
171
161
160
158
157
153
49
51
60
65
61
58
62
64
68
95
124
94
78
110
65
109
47
70
76
67
103
52
60
167
234
209
198
202
201
201
202
197
197
197
198
197
194
190
190
192
197
194
170
85
156
161
116
102
50
31
47
32
32
36
40
33
31
39
60
62
59
106
151
165
140
57
78
57
62
79
62
66
66
61
62
68
75
92
130
166
172
184
194
194
185
175
168
164
174
177
179
178
175
174
176
178
173
167
178
162
166
155
160
138
100
138
169
168
166
153
147
162
63
57
54
64
76
74
66
64
75
100
139
80
93
95
73
106
38
85
67
97
86
42
82
174
223
205
201
205
199
195
196
194
195
196
196
193
192
192
193
193
186
215
151
65
134
154
142
101
33
32
36
34
22
45
37
41
46
42
62
73
61
80
154
204
142
54
76
57
58
67
51
62
67
57
59
68
68
73
112
161
188
179
176
180
176
168
169
177
177
174
171
170
171
171
168
166
173
167
178
161
165
154
153
125
110
160
176
175
169
156
148
161
64
55
45
57
79
79
66
66
101
116
126
67
107
86
91
86
41
73
79
100
56
60
69
180
225
207
203
205
195
192
198
200
193
194
193
190
191
192
189
184
179
210
104
116
92
156
126
55
39
46
46
52
39
62
40
45
49
42
59
71
61
67
156
213
152
63
73
63
62
59
51
61
59
62
62
57
61
88
135
173
184
174
173
182
182
172
171
179
172
167
163
163
166
168
165
162
178
175
179
167
162
155
142
110
131
188
184
174
163
166
159
153
54
49
38
47
68
65
56
67
103
126
102
72
111
80
105
64
42
71
90
84
45
72
52
183
228
208
202
204
196
193
196
195
190
191
190
188
189
187
176
162
184
155
75
103
148
141
111
21
31
31
34
31
35
42
21
23
34
35
52
60
63
75
164
199
170
78
67
67
68
55
59
61
54
62
60
52
65
106
152
178
173
179
187
190
187
178
171
168
180
178
176
175
176
177
177
177
175
178
175
172
156
157
132
99
158
191
171
173
158
164
165
159
44
46
37
40
55
47
44
65
82
126
86
87
109
73
109
52
41
89
91
75
57
72
55
186
222
201
196
201
197
191
186
179
188
189
188
186
187
182
164
144
139
177
137
173
185
127
111
154
107
95
102
84
107
100
90
90
99
104
108
95
91
97
168
170
179
84
57
63
68
50
61
56
52
49
45
47
63
94
129
152
180
194
196
181
171
173
174
169
171
173
173
170
165
164
167
170
168
174
168
173
151
158
126
94
178
176
146
175
160
153
162
174
57
51
31
41
45
48
32
86
117
104
83
100
105
76
105
41
72
82
82
60
50
85
61
203
226
204
197
189
191
195
181
183
174
202
184
194
189
201
124
111
150
158
176
117
125
174
151
174
194
168
169
191
194
183
178
177
181
182
186
188
183
173
167
167
167
181
182
178
177
171
165
171
165
166
163
159
158
160
163
164
178
177
178
178
176
171
168
168
174
156
149
159
165
162
165
176
154
181
165
153
121
150
102
119
171
169
165
162
159
158
159
159
46
36
39
37
47
39
43
90
104
111
79
116
82
97
75
47
86
86
81
63
56
81
59
202
224
203
197
188
188
189
174
175
169
183
185
211
186
164
88
91
132
108
114
77
106
142
132
141
129
114
119
135
138
140
147
149
147
143
142
146
149
151
154
159
151
163
165
163
166
163
160
167
173
173
173
173
174
176
177
177
171
171
172
173
173
172
173
175
177
171
165
166
170
171
170
169
195
188
186
164
168
173
171
199
181
179
175
172
169
168
167
167
49
32
55
43
50
33
54
90
93
105
90
110
76
109
50
57
91
80
71
64
65
77
61
206
217
199
196
187
185
184
167
169
192
187
172
182
176
186
107
60
62
41
62
56
68
67
60
56
74
72
79
81
76
82
88
82
86
85
88
96
100
99
97
99
100
107
106
106
112
111
109
117
119
119
120
123
125
126
125
124
134
137
140
142
145
149
154
157
152
157
156
153
158
166
165
156
149
147
169
170
179
170
161
167
176
176
176
177
179
181
183
185
57
36
56
49
41
30
49
77
95
89
111
80
95
102
48
67
82
65
58
63
73
71
63
210
208
193
193
185
182
180
163
166
171
177
173
164
155
197
174
149
63
40
38
50
49
75
93
96
71
76
82
74
61
61
57
39
44
43
46
49
48
46
49
55
58
59
52
52
60
58
54
62
58
55
54
58
61
62
64
66
58
63
67
65
63
64
66
66
75
76
76
77
80
84
83
80
111
108
102
117
98
122
111
108
117
119
121
124
127
130
132
133
50
31
34
41
23
33
38
66
109
89
117
65
107
89
51
73
78
61
55
65
78
59
59
205
201
188
191
183
178
174
157
160
190
166
162
169
160
180
180
198
128
98
61
77
77
142
145
134
120
118
117
108
95
96
92
75
43
37
28
21
18
27
51
74
61
56
45
46
56
53
47
54
56
51
50
54
58
62
71
82
117
126
129
122
114
108
103
97
92
80
75
80
77
68
67
74
56
37
38
67
48
60
63
51
57
58
58
58
57
55
53
52
44
30
20
32
22
45
42
77
121
105
101
80
101
79
53
79
80
67
62
67
76
43
53
199
198
187
191
182
175
170
154
159
196
171
160
158
164
172
155
161
149
133
105
100
94
155
135
124
126
107
96
87
74
72
78
78
51
45
38
30
26
32
52
72
70
60
48
52
66
62
55
61
65
61
61
66
70
76
95
115
192
206
215
210
204
202
197
191
202
187
181
187
184
171
172
186
136
64
51
41
47
54
145
161
134
135
137
138
138
136
133
131
55
45
33
28
39
52
56
96
120
114
85
97
100
60
65
88
71
65
61
60
68
31
55
204
196
187
194
186
180
177
165
173
150
167
175
155
154
157
154
179
141
122
122
82
103
151
144
160
144
113
99
95
76
62
76
96
54
49
45
44
40
35
36
41
69
57
43
49
65
62
52
57
58
56
58
63
63
68
91
117
152
169
180
178
175
179
180
175
179
173
169
171
169
164
167
174
133
94
104
78
69
81
183
174
172
175
180
185
188
188
187
187
70
60
52
24
53
48
60
102
113
109
81
101
109
41
82
95
55
55
54
51
60
26
62
215
193
186
196
192
188
189
181
191
197
170
154
154
174
151
134
179
132
100
130
84
145
160
127
124
129
96
87
93
69
45
62
94
59
47
36
35
36
35
33
33
74
60
45
52
68
63
52
55
61
60
64
67
62
64
87
115
174
189
197
190
185
188
188
184
182
185
182
172
168
170
170
167
116
136
142
107
53
105
187
148
154
157
161
166
168
167
165
164
55
46
45
49
41
36
63
102
103
114
94
110
64
67
92
65
57
45
47
64
57
42
60
198
188
186
188
190
185
181
186
197
195
207
177
162
163
153
158
164
149
130
95
111
145
149
142
127
101
98
94
74
80
64
76
89
78
48
43
35
30
28
27
27
35
62
72
55
46
56
62
54
55
57
64
68
67
70
87
107
109
171
183
174
182
180
177
183
185
179
186
183
172
182
185
161
131
136
143
107
60
161
160
162
165
168
171
174
174
171
167
164
50
46
48
52
49
52
76
104
107
107
94
99
58
66
78
58
52
43
44
55
49
41
61
195
199
192
191
198
201
198
198
203
196
205
185
173
163
153
161
159
144
127
100
123
152
142
128
113
112
101
92
66
67
46
51
57
79
55
44
38
32
30
28
28
31
53
64
57
52
59
62
56
58
60
64
64
61
62
77
95
115
160
178
176
179
178
178
181
190
183
186
181
170
178
179
158
153
148
147
105
81
163
152
153
168
167
166
164
161
159
156
155
40
46
50
51
55
69
90
104
114
98
96
82
50
66
60
50
48
46
44
47
42
45
67
194
204
191
186
197
205
202
195
193
190
193
189
184
158
150
167
155
142
123
100
127
148
125
108
100
95
78
69
48
50
33
39
39
79
65
47
42
34
33
29
29
29
41
53
58
60
61
61
59
56
58
60
58
54
56
70
85
113
133
163
177
174
176
179
178
189
183
182
176
169
176
177
162
171
153
146
98
109
164
143
147
164
161
156
151
148
147
147
148
34
45
48
43
52
79
98
101
120
92
98
68
49
70
49
48
49
51
47
42
40
52
77
198
202
186
181
193
200
191
180
176
180
176
184
185
148
145
173
154
145
119
92
117
132
104
94
97
96
74
70
56
64
55
66
60
77
77
48
45
35
36
31
29
32
33
42
57
63
61
60
63
49
52
54
52
50
55
70
83
101
101
147
176
171
176
180
175
181
178
174
170
170
178
180
173
171
147
140
90
130
162
138
151
155
152
148
145
143
144
146
148