112
92
43
39
12
52
94
25
46
86
118
99
100
105
112
164
127
91
97
107
109
91
78
91
97
80
90
82
81
81
80
84
79
63
131
124
110
95
90
94
96
96
90
100
87
81
75
70
75
61
81
75
81
64
72
60
75
76
63
65
65
33
46
50
43
125
77
47
74
74
87
81
115
53
90
67
68
96
101
81
81
103
93
78
115
110
74
95
107
80
80
93
167
87
53
90
114
44
81
89
137
85
37
60
93
35
98
45
12
33
93
80
33
73
56
76
67
61
90
87
83
80
83
94
86
93
93
95
99
112
106
64
53
79
93
87
80
74
52
112
127
81
62
93
108
90
112
109
101
92
91
96
98
97
79
83
70
72
74
74
85
77
71
99
78
56
89
72
55
81
54
59
74
43
45
66
43
54
70
51
80
78
74
50
100
83
53
68
83
85
80
78
84
92
81
77
117
118
91
105
112
97
136
69
154
48
67
93
103
75
74
59
135
80
50
90
80
56
102
81
34
29
106
118
67
89
50
43
51
64
77
98
87
100
116
88
78
102
98
93
123
79
90
77
82
93
90
84
80
74
65
86
91
88
88
76
77
100
70
79
90
98
107
112
109
102
83
82
68
75
77
69
76
71
71
79
74
73
71
78
70
67
79
46
63
58
46
55
43
46
82
59
75
95
113
74
90
78
84
66
63
79
84
76
79
93
84
79
98
91
74
83
91
102
120
79
135
102
105
135
92
79
108
87
140
101
85
108
86
82
81
101
68
43
93
98
62
90
49
33
46
93
78
76
74
95
74
102
93
75
105
88
86
65
15
47
81
78
56
57
69
68
76
86
75
81
109
101
81
90
93
98
101
101
102
100
93
84
89
89
80
89
83
63
66
64
70
65
68
84
60
84
84
65
81
48
57
59
46
44
46
69
103
63
36
47
87
67
76
69
106
74
63
83
93
78
73
85
98
93
101
95
99
110
115
140
120
141
129
140
122
151
142
128
120
121
122
126
125
120
136
134
128
149
144
133
142
127
110
135
26
61
69
104
73
77
100
81
86
66
111
97
83
90
96
55
56
65
87
96
82
75
83
88
72
83
75
80
102
93
84
108
115
110
99
87
85
91
95
95
85
88
82
91
84
67
78
83
63
83
63
70
78
88
66
80
51
65
67
49
53
60
48
50
78
70
45
37
57
46
60
63
68
84
92
87
83
86
84
77
127
125
130
129
140
139
121
134
121
134
127
112
128
119
153
140
124
130
117
132
129
118
132
138
128
125
129
135
128
122
121
109
68
103
89
98
70
73
118
94
104
86
93
74
88
77
44
65
75
83
88
76
67
83
94
83
90
84
74
80
91
80
81
110
93
94
92
90
94
101
103
101
85
90
79
82
77
71
90
96
72
66
64
77
70
70
65
68
66
70
58
54
68
62
43
46
57
78
74
68
69
57
61
53
71
76
81
85
92
101
107
108
139
132
130
123
131
133
111
113
109
97
115
120
125
122
107
113
131
118
131
126
112
119
90
106
114
121
120
114
95
99
113
88
154
143
127
125
111
85
105
99
111
91
100
95
42
34
50
65
65
83
88
66
62
96
114
97
90
108
102
81
92
120
117
90
103
106
107
103
100
94
84
74
86
91
77
76
75
74
85
79
81
41
71
93
64
54
75
55
84
57
52
69
62
45
52
60
70
75
57
51
47
51
68
62
85
70
72
98
117
118
121
132
120
112
116
107
117
138
132
131
122
121
114
131
108
131
122
124
113
102
113
118
106
131
106
104
104
126
109
104
99
80
88
92
127
116
141
140
157
133
109
90
167
168
120
124
110
120
125
105
116
91
82
89
86
81
80
76
76
65
82
113
117
105
105
111
119
115
104
93
89
90
90
86
76
84
73
75
80
80
80
59
74
58
76
86
96
59
63
74
50
46
69
75
35
41
73
50
59
67
63
67
51
49
67
66
44
80
112
121
124
130
125
113
115
113
125
113
109
124
112
98
91
130
127
110
113
92
159
101
119
126
93
119
104
117
129
89
92
101
59
84
124
79
57
88
56
148
145
125
170
128
51
79
74
83
121
98
74
120
155
159
118
156
159
94
169
162
157
169
145
171
147
124
130
103
113
125
94
94
86
73
108
103
77
69
91
61
86
75
77
77
83
72
92
46
80
66
89
84
73
58
61
61
75
57
65
63
68
66
65
73
48
68
76
55
71
71
87
111
98
118
106
116
122
117
128
104
121
97
125
106
126
130
117
121
118
123
125
103
102
137
125
112
109
109
104
102
97
83
95
86
75
74
89
100
90
72
115
216
248
243
250
169
127
231
162
153
210
124
45
92
101
118
104
106
51
62
86
90
153
155
156
150
155
162
109
163
203
198
194
208
181
170
94
88
119
80
76
94
106
80
70
65
61
51
75
72
92
69
56
73
77
76
79
80
83
76
78
75
79
76
68
77
73
69
68
75
87
80
117
135
111
122
127
108
130
102
97
107
107
130
134
111
116
104
108
111
100
100
118
117
108
114
115
105
104
103
96
99
103
97
90
85
79
80
88
93
89
81
102
195
236
239
241
154
121
253
197
164
255
164
100
210
217
234
247
193
64
170
146
132
202
136
63
143
147
159
118
152
75
107
125
150
144
187
6
0
75
19
58
158
165
146
158
147
108
105
77
59
56
44
38
36
34
26
39
38
27
33
39
43
43
32
57
31
46
57
39
36
63
98
115
120
126
111
118
96
112
101
116
100
101
110
93
127
102
136
96
117
115
102
109
119
118
115
108
103
107
106
97
99
106
104
87
86
87
89
89
87
88
91
113
204
236
222
239
182
138
245
214
167
255
150
78
202
210
201
244
178
40
215
208
196
255
155
115
255
245
236
250
246
82
188
235
194
50
163
206
182
114
30
21
74
74
78
81
140
167
153
189
189
186
156
158
166
157
104
82
84
63
49
31
29
24
15
23
23
34
35
43
100
145
129
113
93
125
99
108
118
98
110
105
128
94
137
113
103
105
98
91
111
115
102
100
110
112
108
107
104
109
110
99
97
98
92
89
88
91
94
90
83
85
93
113
211
248
217
231
186
141
246
199
174
254
162
80
193
234
214
248
193
64
202
208
199
242
165
133
244
254
249
252
243
109
216
252
223
148
235
224
184
136
102
61
50
121
178
119
160
157
34
62
61
89
143
100
121
131
163
170
176
192
180
164
149
122
112
102
55
43
93
111
111
127
105
130
113
106
112
117
134
108
105
117
95
113
104
100
120
102
134
117
110
108
113
120
125
119
107
111
102
102
101
92
91
90
81
89
89
90
90
86
80
79
82
127
209
249
225
243
195
143
255
211
186
242
170
96
192
240
208
239
187
62
166
204
222
241
179
140
229
254
255
246
227
118
210
244
223
131
202
243
219
94
45
79
84
167
222
215
234
170
59
174
153
146
200
39
81
59
133
107
49
72
72
120
141
133
159
162
179
195
184
170
183
179
142
134
154
113
145
125
113
127
114
99
113
111
129
139
107
132
119
130
118
124
135
129
123
123
120
114
102
97
94
87
90
95
89
84
88
89
83
79
77
75
71
129
201
241
220
244
199
138
250
225
186
234
169
107
195
230
206
255
200
65
168
205
245
242
173
139
252
245
239
245
237
135
243
252
223
144
253
249
247
121
46
87
114
200
215
246
252
153
75
192
217
230
200
41
210
213
223
149
67
148
150
173
105
37
76
67
71
135
108
77
88
89
158
162
168
159
172
168
161
171
172
169
145
152
128
128
126
128
150
127
125
140
142
115
103
111
112
101
95
98
97
87
88
93
89
78
92
95
82
75
78
78
71
115
207
255
219
232
195
138
250
219
186
251
177
102
181
215
226
245
199
62
174
180
234
248
191
127
255
249
255
242
241
134
216
250
253
117
244
254
237
91
78
98
83
226
236
216
247
185
67
226
200
250
190
51
184
224
248
146
81
229
227
215
111
86
215
205
180
228
121
73
116
88
178
91
25
67
49
104
143
94
104
133
142
153
173
177
169
176
181
161
150
155
152
131
124
122
103
77
82
96
99
86
79
79
74
75
97
104
86
75
82
85
76
116
194
248
228
234
195
150
251
239
179
238
187
94
181
222
220
240
207
79
145
204
239
246
191
136
231
255
236
251
241
141
215
254
243
139
233
255
235
118
62
86
88
176
236
237
246
191
89
233
222
238
223
53
210
238
245
157
73
216
218
249
123
72
232
219
222
245
137
85
227
216
240
103
92
200
182
202
156
34
112
80
66
150
106
55
90
54
155
145
145
158
159
172
178
164
180
182
142
134
93
129
112
100
90
94
81
49
75
97
69
90
93
125
195
242
221
231
194
148
248
245
188
244
194
94
179
226
230
231
207
83
144
203
241
248
192
127
210
172
194
196
246
126
197
251
245
142
232
254
230
115
61
93
103
197
249
235
238
193
103
223
249
244
216
84
228
235
255
167
85
235
240
252
136
96
220
234
233
249
143
93
232
221
243
108
95
221
224
229
161
67
199
217
204
235
121
67
159
142
208
79
45
68
54
109
154
83
96
104
155
128
17
45
46
80
212
150
165
156
155
128
109
100
81
127
189
229
208
223
190
146
246
245
192
241
195
87
172
224
232
219
212
91
144
202
244
250
194
136
238
182
212
183
238
137
213
249
245
144
236
255
246
132
76
93
105
199
252
237
240
199
115
241
240
249
229
75
220
245
242
170
98
244
248
240
138
118
223
247
243
251
152
106
241
232
250
127
104
230
244
250
173
82
228
235
232
248
116
84
226
223
252
109
115
228
196
196
177
40
114
128
32
48
79
88
27
0
105
145
111
109
153
154
197
182
171
120
180
219
199
214
182
141
246
244
194
233
197
85
168
219
225
213
221
102
147
205
247
251
197
131
252
235
231
204
209
149
213
242
251
146
206
203
197
130
116
85
88
181
243
242
250
205
115
232
206
224
230
83
223
255
245
195
131
249
246
246
150
130
251
249
244
249
162
121
250
241
254
130
115
240
243
247
175
80
213
234
227
245
133
108
244
236
247
102
99
240
238
244
197
56
196
206
83
148
163
103
114
68
23
174
178
197
164
33
68
90
146
117
180
222
202
212
174
133
240
246
197
225
202
89
172
219
219
213
230
111
152
210
249
251
201
128
237
234
218
212
208
157
199
249
238
127
220
255
248
112
25
78
82
177
244
244
250
203
114
246
189
147
157
45
125
150
200
193
123
207
207
250
160
104
242
248
245
247
171
132
252
243
250
128
121
251
249
242
170
87
233
255
243
253
144
110
240
239
245
134
119
229
232
246
187
57
204
226
70
123
172
104
48
21
85
213
242
255
201
99
221
242
245
123
187
234
216
221
172
123
227
245
198
217
204
88
171
218
216
215
235
114
155
215
250
250
208
134
237
223
215
186
217
151
201
254
255
156
229
246
236
125
64
80
91
192
255
244
242
199
118
217
249
245
202
81
212
222
151
147
68
148
159
243
179
83
222
251
248
248
179
139
248
240
244
154
124
240
248
253
180
94
242
245
241
253
143
106
245
255
251
107
129
252
249
252
199
80
210
246
87
146
228
182
80
43
111
229
249
250
194
112
239
255
246
126
190
239
226
233
177
115
211
244
202
214
207
84
167
219
222
216
235
111
155
220
251
249
214
124
230
230
221
168
217
133
195
241
245
141
224
255
249
126
47
86
91
189
254
245
244
201
121
222
169
172
190
58
169
245
234
124
44
158
163
234
203
101
236
252
251
247
183
142
246
242
248
162
130
238
240
255
195
94
215
252
248
255
161
118
245
255
244
142
134
251
236
247
216
85
202
249
77
163
255
178
55
56
90
247
253
245
208
138
227
250
252
124
186
237
230
241
182
113
200
250
211
221
215
85
168
227
235
215
232
107
154
223
251
249
219
122
220
245
232
199
242
143
190
255
254
141
219
253
253
131
51
88
81
170
241
249
255
209
120
234
242
219
182
54
139
171
152
121
48
195
177
207
194
105
240
251
251
245
184
143
247
248
255
127
138
255
242
246
198
98
200
255
235
246
164
121
233
249
251
133
110
255
249
248
211
72
214
250
78
153
239
172
44
63
86
198
248
255
214
147
228
255
244
124
183
230
231
243
187
119
187
245
225
211
209
104
168
223
234
214
231
118
150
231
254
244
221
120
230
236
238
253
242
150
184
248
255
151
210
250
250
126
24
83
86
187
246
243
254
207
126
236
215
208
232
119
209
249
209
127
62
158
224
237
192
101
200
250
244
255
186
130
241
248
244
143
147
252
251
243
188
103
251
248
245
247
155
128
239
251
252
123
131
194
188
209
206
90
196
255
96
166
244
170
61
54
100
186
250
254
211
150
247
253
255
123
179
229
230
244
192
125
197
231
218
211
207
99
164
222
233
212
228
117
146
230
253
245
222
121
231
158
203
168
254
143
207
249
255
158
223
255
249
144
69
95
96
191
249
243
252
207
124
229
217
166
166
35
119
195
155
122
44
155
196
252
184
100
237
253
246
255
188
132
245
250
246
152
149
247
245
251
205
95
209
250
248
254
167
135
245
254
253
127
138
221
201
208
191
91
207
247
86
158
255
192
72
52
89
220
255
255
238
166
235
239
251
123
175
227
226
241
193
126
204
225
218
220
215
96
161
223
232
212
227
117
140
228
250
247
222
119
216
188
192
201
241
159
193
246
252
158
206
221
203
138
109
75
82
179
246
245
252
210
122
232
239
255
236
96
190
213
184
157
45
148
143
253
199
111
248
253
246
252
188
130
249
251
247
155
146
247
242
254
221
100
196
247
245
255
175
135
244
251
249
136
141
248
221
225
195
102
216
249
109
155
212
160
83
72
78
226
255
249
224
162
255
255
227
124
169
224
220
235
191
121
206
223
218
228
223
94
155
220
225
216
229
120
135
227
247
248
221
115
209
203
201
207
222
156
193
255
242
135
200
255
245
131
38
53
69
169
247
250
254
211
117
228
190
130
197
105
155
226
209
215
89
196
148
238
208
97
196
250
244
246
187
126
250
249
246
153
137
248
243
249
223
114
223
246
243
254
181
129
242
249
248
143
127
251
228
240
208
113
213
244
111
133
169
120
55
55
56
192
244
255
239
160
236
217
147
123
161
222
216
233
194
121
214
219
209
224
225
90
148
214
219
222
233
125
131
227
244
251
221
106
181
199
190
217
208
161
194
242
244
150
193
251
240
133
29
65
82
172
250
252
250
212
112
223
249
251
188
36
140
173
161
198
78
222
198
232
217
105
194
250
246
245
190
122
251
247
248
163
127
244
246
248
218
107
226
252
245
255
189
124
241
251
253
148
112
244
223
228
203
111
209
255
120
151
234
183
61
47
77
211
245
248
246
163
232
255
248
119
153
220
215
235
201
127
226
222
200
219
231
96
150
217
222
224
233
127
125
226
242
254
222
113
170
187
172
215
205
163
179
255
243
122
148
238
255
159
33
73
88
166
244
247
246
217
117
193
208
183
243
145
188
239
219
183
31
166
195
228
229
124
221
251
252
248
196
119
252
247
253
179
121
239
247
252
219
88
194
252
243
252
191
114
237
248
252
162
112
246
228
210
196
107
214
241
113
154
250
199
56
36
66
197
251
250
250
174
227
223
174
116
147
219
214
235
204
126
230
233
196
214
238
103
152
218
223
221
230
125
119
225
241
255
224
124
207
165
185
157
228
153
183
237
253
167
189
255
254
158
40
61
79
157
241
247
245
221
118
227
219
194
173
40
108
151
177
214
43
133
167
233
229
113
198
250
255
250
199
115
250
244
255
181
122
245
247
251
229
91
183
250
239
250
195
109
233
245
249
176
113
244
243
216
214
105
203
242
130
159
239
189
60
49
74
179
255
242
226
169
247
252
199
116
145
218
212
232
201
120
226
239
192
208
237
102
146
210
215
217
226
123
115
224
240
255
226
109
217
238
223
221
249
184
177
252
253
159
181
255
246
140
13
53
77
159
250
255
248
218
108
216
255
246
249
117
172
230
240
196
62
149
167
255
244
119
191
247
254
249
199
110
246
240
254
171
124
255
246
247
239
110
201
252
242
255
203
113
237
247
251
179
104
232
253
232
237
102
179
253
118
137
235
187
37
33
82
160
251
253
249
173
219
250
255
124
142
215
215
227
198
126
210
253
197
195
242
113
140
209
206
221
211
129
117
204
252
247
238
125
194
255
218
244
255
172
174
251
232
177
211
240
246
151
71
43
57
144
251
246
241
220
110
217
244
249
247
140
204
252
255
228
126
234
237
252
241
117
212
247
250
244
207
114
236
243
249
174
132
251
245
250
232
102
199
253
244
248
202
117
233
253
250
170
113
239
232
236
217
111
169
238
144
145
233
204
50
46
64
180
255
255
228
171
242
229
151
120
138
212
212
224
194
120
204
252
200
193
239
110
134
200
194
220
214
128
110
199
251
247
237
124
190
252
217
240
255
171
173
255
255
158
189
204
159
147
138
56
43
142
204
250
247
220
131
223
252
255
251
140
197
248
251
236
135
238
245
255
247
122
212
252
254
249
212
121
242
248
252
174
129
250
246
252
237
107
198
253
244
248
203
117
233
253
250
194
114
213
190
197
203
129
206
243
127
155
243
190
65
26
62
201
246
234
247
166
215
252
255
122
142
216
217
227
195
119
201
251
208
194
238
110
129
193
181
214
216
128
101
193
250
246
236
125
187
254
223
242
254
172
174
242
248
137
163
221
120
153
29
28
10
160
122
255
255
221
106
213
246
254
250
141
190
252
255
237
136
234
248
253
247
123
204
251
252
247
212
122
244
247
249
173
124
245
244
252
240
108
191
252
244
249
204
117
232
252
250
188
113
230
221
226
220
129
190
251
100
132
156
116
69
38
53
141
255
252
248
160
231
241
188
125
145
220
221
230
195
118
198
251
218
197
239
115
130
191
174
203
215
126
95
191
251
244
235
122
180
252
228
244
252
170
169
253
251
173
182
173
102
200
11
10
9
217
89
231
241
216
126
204
241
251
248
141
179
252
255
233
134
225
249
248
247
124
195
249
250
245
211
122
243
245
246
174
118
241
241
248
240
107
180
251
245
251
205
117
231
252
249
191
107
224
220
223
218
128
183
244
98
171
182
125
46
29
36
149
253
234
244
180
221
244
198
125
145
219
219
227
191
112
191
247
225
195
236
118
130
192
169
192
211
123
93
194
251
240
236
119
169
246
231
243
250
166
160
247
246
158
126
63
85
205
44
44
7
167
50
149
237
203
127
208
247
255
249
142
166
247
247
230
132
217
252
245
250
129
189
250
252
248
213
123
244
247
248
179
119
242
242
245
241
109
173
250
245
252
206
117
230
251
249
201
102
211
206
210
217
141
201
254
71
119
243
184
61
25
45
172
247
231
227
183
189
250
243
129
148
221
220
226
189
110
189
241
229
190
230
117
127
190
163
188
209
119
93
197
248
235
238
126
165
242
234
246
252
170
160
250
255
175
13
36
101
219
33
23
5
110
28
40
255
218
98
207
247
255
250
149
164
253
250
225
128
206
252
239
248
129
178
246
250
247
210
118
238
244
248
186
122
247
246
245
243
115
173
249
246
254
207
117
229
250
249
202
97
211
212
214
216
135
185
252
70
55
238
161
70
27
57
139
250
255
203
178
207
243
185
133
151
222
219
225
187
108
187
238
233
187
225
115
124
188
159
192
211
117
92
198
242
228
242
135
162
235
229
243
252
173
161
237
250
203
0
19
66
209
37
0
19
160
83
0
209
240
112
203
243
251
249
154
163
255
253
224
127
200
253
234
246
128
168
242
248
246
208
112
232
241
249
187
122
250
248
242
245
121
177
249
246
255
208
117
228
249
248
211
97
209
210
207
208
127
172
237
107
119
254
153
49
11
42
141
235
242
201
180
225
250
224
129
147
217
213
218
181
102
181
239
238
187
224
116
124
188
157
199
213
115
91
197
237
223
244
134
153
222
217
231
243
167
156
255
230
195
148
72
104
197
67
66
2
159
108
20
150
227
96
209
246
251
248
153
156
253
242
231
134
204
255
237
250
132
167
245
253
251
212
114
233
245
255
185
120
249
247
239
244
123
179
249
246
255
209
117
228
249
248
210
105
236
253
252
243
146
178
255
80
109
224
202
70
26
36
136
251
255
204
147
216
250
255
128
132
208
200
196
176
109
181
240
240
186
220
112
102
187
158
188
226
138
94
207
229
210
239
139
142
237
219
231
243
169
143
235
233
176
111
121
117
166
157
94
40
165
76
5
53
181
109
198
254
243
253
144
156
246
250
244
132
202
255
232
246
135
169
252
246
244
213
126
228
253
248
188
120
238
250
246
239
122
173
252
245
247
218
109
226
247
247
222
102
224
251
250
242
129
189
247
115
98
251
158
66
36
0
114
244
247
195
177
208
250
255
128
129
212
211
207
179
103
175
241
239
182
208
107
100
183
152
166
217
131
88
201
223
219
241
132
136
236
224
239
249
173
145
246
187
182
0
11
78
192
28
10
0
160
94
0
6
137
121
188
248
245
255
144
151
244
250
247
133
199
254
232
246
135
164
250
246
246
213
124
224
251
248
187
113
231
247
249
245
124
165
253
250
251
224
112
226
250
252
226
103
222
251
251
245
127
185
248
126
113
176
105
60
74
17
138
237
228
228
187
184
255
234
135
130
222
226
220
183
92
164
240
238
184
201
108
104
183
153
164
230
148
99
202
213
218
223
112
115
219
214
232
240
160
131
217
91
198
18
24
64
224
45
18
0
149
101
2
0
104
131
179
242
247
255
146
146
242
250
244
130
189
246
227
242
131
153
246
246
249
215
121
218
247
248
190
110
227
246
250
249
123
152
245
247
248
223
107
215
245
249
231
105
217
251
250
249
124
178
237
127
88
160
42
51
31
0
98
206
253
216
180
207
247
255
147
135
232
237
231
188
85
159
225
227
186
196
113
105
180
156
147
224
153
102
203
210
226
219
121
119
223
223
244
250
169
142
144
52
223
13
1
63
225
49
52
11
142
102
9
0
83
128
183
241
248
254
152
146
244
250
244
132
182
243
228
243
135
149
242
246
252
216
118
213
244
248
195
111
231
250
249
248
121
141
238
246
245
224
104
204
242
247
234
105
210
250
248
251
118
169
255
164
106
186
49
91
30
4
135
141
221
242
176
203
231
255
154
136
236
239
235
199
90
167
204
209
182
189
115
100
171
159
159
224
158
92
189
199
220
212
109
101
201
206
231
238
160
138
144
4
211
27
19
53
210
41
15
0
140
109
5
0
66
121
194
243
248
252
158
148
247
249
250
141
184
248
236
250
148
154
239
245
253
217
116
211
243
248
193
111
236
254
245
247
126
143
241
253
248
232
110
203
247
251
235
105
204
250
244
253
112
161
241
155
87
98
25
86
51
0
103
162
162
244
180
178
250
253
152
132
236
232
234
211
100
178
208
202
179
183
121
99
167
168
192
229
172
88
187
208
228
229
122
107
205
213
242
250
175
157
156
0
211
3
0
44
240
50
18
0
136
110
3
21
73
122
198
242
249
250
163
147
248
249
250
145
182
247
235
247
150
151
237
244
253
217
117
211
243
248
189
106
237
255
241
249
136
153
242
255
247
236
114
201
249
252
235
106
201
251
242
254
109
158
247
167
46
64
15
94
56
21
109
137
98
247
178
190
255
255
151
131
236
225
230
217
105
180
234
207
175
175
125
99
165
177
193
209
175
88
197
228
237
247
120
100
194
203
233
238
162
145
167
0
221
142
125
61
186
87
74
17
130
109
5
45
83
119
190
235
251
251
166
143
247
249
246
145
178
242
227
237
143
141
236
243
252
217
119
213
245
249
190
103
233
252
237
251
143
155
240
255
241
235
113
196
248
247
235
109
201
255
241
255
108
159
247
188
15
53
10
93
40
21
197
94
20
255
181
195
255
228
152
133
238
221
225
218
103
175
254
209
166
163
121
94
159
178
209
209
185
88
189
209
191
196
132
109
201
209
236
238
159
141
160
27
158
103
108
84
170
157
90
20
131
117
3
42
73
108
179
229
253
253
166
138
245
249
247
149
179
242
225
232
140
137
236
242
251
217
120
215
246
249
196
104
231
249
235
251
143
152
241
255
240
236
115
196
248
246
236
111
202
255
242
255
109
161
236
207
36
0
10
85
65
3
71
235
18
195
193
189
248
255
167
98
230
229
223
220
96
174
255
225
170
156
121
84
169
186
191
221
186
91
164
210
159
169
126
110
190
202
254
237
169
130
161
0
213
13
0
42
191
54
8
0
102
122
0
0
56
104
182
254
231
249
185
129
239
249
255
146
161
252
227
238
150
148
234
243
245
235
117
210
245
248
190
95
211
253
240
253
129
154
235
254
241
242
106
188
252
250
233
113
202
236
237
245
119
151
247
156
61
63
63
81
72
46
92
208
6
120
207
185
249
253
156
129
206
226
225
203
127
155
237
235
179
157
95
77
165
198
195
205
183
92
203
243
191
173
123
96
189
183
218
226
164
111
154
24
179
29
56
58
211
31
49
0
76
154
128
135
128
79
185
210
249
255
167
131
216
255
249
146
152
241
224
233
140
140
242
249
248
235
116
208
245
250
211
106
211
248
235
251
127
153
235
253
241
241
106
185
250
248
242
114
197
240
246
252
118
151
235
166
40
26
35
68
51
11
80
214
0
80
180
180
252
252
160
103
216
224
231
230
108
151
247
250
177
142
82
95
171
195
181
201
189
97
182
237
223
236
145
83
179
170
212
245
182
129
141
1
171
44
40
14
207
69
15
11
81
87
21
60
115
76
142
252
246
240
180
130
225
253
251
157
150
239
235
238
137
135
244
251
248
231
109
201
240
247
219
108
210
247
236
250
125
149
236
251
243
239
108
181
248
245
243
107
181
237
248
250
105
145
176
165
26
0
15
68
50
2
58
219
0
44
163
181
253
247
171
94
172
202
221
209
111
159
207
245
214
162
109
109
174
186
184
202
188
125
185
242
192
181
116
73
192
176
203
216
148
138
196
19
196
32
39
48
186
109
46
14
70
115
2
0
56
88
126
246
226
237
182
129
242
249
252
166
150
242
249
246
135
125
236
245
244
227
103
193
234
242
209
101
208
251
241
252
125
148
239
250
245
239
112
178
247
244
241
103
171
237
247
244
92
145
104
158
41
1
13
77
64
13
37
219
0
38
173
187
251
244
163
92
214
202
196
196
65
131
195
215
189
115
112
114
182
178
184
189
189
117
180
248
246
250
128
99
201
177
231
244
143
116
144
0
177
31
66
82
154
108
134
55
64
122
11
22
53
80
160
139
204
255
154
124
236
247
246
163
141
242
254
247
131
105
231
243
246
230
104
193
234
243
207
98
207
253
242
252
126
154
242
250
249
239
117
176
248
244
244
113
176
246
250
245
89
157
77
149
61
5
10
80
68
6
28
213
0
45
188
185
248
249
112
110
111
174
237
236
184
105
227
228
196
98
106
93
156
154
120
143
202
124
182
215
234
234
131
96
166
134
210
255
176
118
155
0
169
131
107
73
151
51
34
11
65
96
0
64
82
77
140
121
172
251
152
111
239
238
244
157
133
242
254
246
133
87
232
247
252
236
108
197
239
250
221
104
205
249
239
250
124
153
242
247
251
239
122
174
250
245
245
122
179
249
249
246
88
164
80
122
69
2
4
80
73
0
28
205
0
46
188
172
245
255
32
71
87
74
68
80
79
57
95
144
169
111
111
93
153
182
188
180
189
127
160
222
213
200
104
51
131
117
148
187
159
105
149
33
122
99
108
143
228
64
83
23
102
93
0
13
45
82
96
152
158
234
164
100
238
236
248
152
127
242
248
245
139
78
233
248
252
234
104
193
238
252
229
103
198
244
241
250
116
136
241
244
250
237
124
172
250
245
243
126
176
244
244
248
85
163
83
90
88
14
5
77
83
6
24
197
0
46
180
161
244
255
115
157
185
183
176
174
159
134
110
104
66
18
33
29
41
42
71
107
118
131
121
244
221
242
190
54
122
169
202
208
154
45
183
249
225
15
73
204
253
119
8
11
177
130
14
12
45
72
103
104
173
246
151
98
212
246
249
145
119
237
240
241
141
71
231
245
247
226
95
185
232
249
225
96
190
244
246
252
106
116
240
241
249
235
125
170
249
244
246
131
175
242
244
252
86
163
85
77
119
39
9
70
88
17
17
193
5
48
177
157
245
248
119
147
175
177
179
198
201
178
180
211
218
125
50
113
147
60
52
62
62
44
71
58
57
58
49
81
98
111
181
216
211
154
136
218
230
35
157
197
255
97
5
19
174
156
7
89
126
55
127
73
134
242
146
87
226
249
248
171
108
216
246
248
131
84
240
246
245
251
78
184
237
251
245
84
184
254
243
253
114
111
247
244
226
237
130
160
247
228
239
124
171
245
241
255
95
141
86
43
76
58
42
61
72
48
25
188
32
43
163
131
241
245
98
129
168
186
192
204
201
177
184
177
190
149
93
137
165
94
107
153
168
158
181
167
131
109
11
3
14
0
0
0
43
80
69
81
123
74
149
230
246
101
15
0
170
177
33
91
227
48
100
164
143
166
117
111
174
208
224
184
123
233
255
239
136
57
212
232
255
232
96
180
249
233
231
86
205
231
255
251
139
95
239
250
249
252
121
140
233
217
206
94
166
249
249
248
72
137
58
97
107
0
25
72
51
0
17
170
15
21
150
145
230
255
67
95
139
170
183
195
195
179
180
191
208
152
94
152
170
69
105
162
153
133
155
171
140
129
73
1
8
10
17
0
0
2
0
0
7
54
71
24
246
76
3
5
67
167
114
62
124
146
88
186
244
206
115
31
113
157
182
115
132
175
190
236
130
128
246
241
253
230
101
151
233
251
226
95
193
241
231
236
120
113
247
233
220
234
123
159
239
191
207
90
162
220
237
255
71
137
44
105
117
2
21
86
54
27
0
197
191
148
136
133
222
247
6
3
13
30
51
90
132
151
101
142
175
116
65
141
169
67
107
167
154
145
158
170
125
118
63
0
13
7
14
20
8
7
2
14
13
3
117
20
140
57
20
28
11
15
0
47
60
78
97
106
133
166
191
136
179
219
239
127
79
192
223
174
91
55
160
190
211
235
106
154
219
253
229
90
184
251
253
255
119
105
235
249
255
255
110
138
248
233
206
99
164
167
190
255
86
150
77
84
99
25
1
83
44
27
4
138
42
112
155
77
252
238
0
0
4
9
1
0
0
0
0
2
35
31
3
38
68
28
50
96
95
111
129
138
102
107
66
7
31
6
0
12
12
15
27
7
0
6
51
78
109
45
16
29
72
54
34
0
21
66
19
9
45
140
46
57
65
82
123
147
127
183
222
236
197
54
183
212
189
162
60
124
185
177
218
84
202
201
230
243
129
123
235
242
242
249
118
143
241
223
197
97
172
158
172
240
90
153
93
80
105
1
9
101
56
18
0
158
59
0
119
107
230
255
15
6
5
4
0
7
17
15
18
0
0
12
1
2
11
4
7
17
13
29
51
69
72
93
65
7
16
10
20
14
3
0
0
2
35
36
45
112
39
50
54
116
48
14
49
13
5
22
34
69
38
61
18
6
0
128
95
94
98
92
87
122
179
164
161
226
255
232
141
121
212
231
173
53
134
172
186
187
111
138
196
223
237
255
139
153
249
254
233
104
179
197
217
255
94
125
76
76
133
0
45
86
46
51
13
168
64
19
133
81
168
194
0
0
6
8
4
9
9
0
12
10
4
1
5
9
11
12
2
0
0
2
8
4
10
8
29
7
12
8
19
11
34
54
64
64
42
87
84
65
116
60
76
123
125
123
38
25
10
0
0
13
35
53
56
13
11
135
169
188
158
164
128
71
120
38
74
51
59
99
125
115
183
183
237
156
145
234
238
224
127
69
173
178
165
204
130
143
206
202
240
99
168
198
216
249
105
107
73
50
129
24
42
60
5
42
0
138
81
10
73
117
174
172
2
3
7
2
0
10
15
1
0
12
9
4
8
1
7
36
15
0
12
2
4
0
16
0
20
24
16
5
22
10
17
6
23
34
40
72
90
34
21
46
40
30
168
150
50
24
35
32
6
15
0
44
91
110
50
126
173
130
168
176
162
137
170
175
146
128
93
128
108
83
86
56
66
100
98
124
170
198
233
120
194
225
217
230
117
97
173
209
177
69
148
156
146
196
109
120
73
16
94
63
33
121
39
31
31
188
22
18
90
94
164
171
44
7
9
0
14
0
0
6
2
5
0
9
19
10
13
0
11
6
0
0
3
7
9
9
28
29
30
31
31
30
28
27
17
20
60
44
75
74
45
62
53
75
150
97
27
17
34
6
5
6
6
53
105
92
86
143
156
163
165
170
143
148
169
161
186
156
127
177
190
174
158
144
116
144
124
91
110
69
47
41
88
125
128
160
188
145
201
217
221
111
85
174
207
218
67
69
202
211
70
76
92
163
32
46
38
254
61
7
122
67
153
162
111
86
89
84
91
81
66
67
62
41
5
9
9
0
22
30
13
13
12
9
5
2
2
3
10
11
13
14
15
15
14
14
23
25
63
15
48
44
40
52
47
53
127
92
46
29
16
4
3
32
65
27
111
82
0
126
156
167
183
185
174
143
166
141
145
149
129
175
157
172
181
161
132
176
191
175
172
129
120
170
138
145
128
54
50
60
79
35
93
173
172
182
199
241
189
66
151
252
72
52
176
120
93
34
10
239
141
1
105
55
186
184
12
0
0
0
10
42
43
55
91
104
115
119
74
13
13
33
17
17
13
5
0
1
11
21
9
10
11
12
13
13
12
12
18
12
45
0
61
71
64
33
50
52
95
63
35
16
0
9
0
7
84
73
47
105
86
42
104
87
117
126
166
106
203
224
179
155
112
176
158
162
168
150
148
175
188
179
176
157
127
186
214
164
186
135
147
165
166
153
137
75
12
61
88
59
134
140
122
167
70
76
203
105
49
30
30
221
183
5
111
51
151
106
2
7
9
17
16
42
15
7
9
0
5
29
32
10
1
3
15
15
13
7
4
8
19
28
21
21
21
21
20
20
19
19
16
12
29
0
62
96
77
20
67
101
96
60
38
15
9
18
22
12
32
80
12
87
75
63
67
37
19
115
107
41
68
116
104
114
95
171
199
195
182
166
133
159
186
183
174
180
136
184
192
173
199
139
155
178
165
152
189
79
19
3
7
0
9
0
6
16
33
69
96
157
39
14
13
217
190
56
103
70
203
255
9
9
2
4
12
64
60
65
64
33
7
0
3
8
4
3
0
2
5
6
5
3
3
3
16
16
16
16
16
17
17
18
20
30
26
3
25
77
67
24
61
126
76
48
41
16
17
0
0
0
56
54
2
92
39
78
97
55
45
112
127
23
3
2
2
71
43
13
42
74
96
120
116
135
184
193
159
156
130
184
178
188
175
139
165
182
182
183
178
69
25
25
17
33
16
20
4
4
9
65
42
116
39
0
36
197
89
86
141
162
195
231
19
25
33
33
39
62
40
26
24
20
25
10
0
0
0
10
10
9
6
4
3
6
9
12
4
4
5
6
7
9
11
12
11
21
13
17
29
87
77
36
65
107
23
7
17
9
19
4
24
3
84
44
2
85
124
37
51
62
84
72
85
26
26
16
0
64
59
13
12
22
0
38
73
19
39
79
88
112
116
140
178
185
144
156
161
162
160
164
167
103
17
42
23
31
27
9
23
0
0
21
79
68
42
32
34
155
5
12
0
39
39
76
52
43
47
31
48
67
64
58
71
36
27
22
34
45
35
45
23
24
20
12
1
0
0
3
7
6
5
4
5
6
7
8
0
0
0
17
39
80
80
38
96
81
6
0
8
13
29
82
122
61
35
12
32
24
123
74
21
112
123
103
24
53
8
23
11
23
28
45
27
71
7
61
99
7
0
0
11
45
60
7
17
57
70
124
111
184
210
194
179
117
0
41
30
11
33
39
22
29
25
0
90
66
16
9
22
94
45
51
9
19
12
25
18
12
36
29
62
75
77
69
100
59
52
47
49
58
64
103
118
131
142
135
109
79
58
49
16
14
11
8
5
3
3
3
6
0
7
0
3
17
50
29
96
47
12
17
10
8
18
135
98
37
40
6
19
35
99
93
19
67
132
16
33
13
21
6
7
6
27
67
8
95
0
10
26
9
40
23
0
37
88
5
26
0
16
97
0
11
30
57
85
87
29
37
29
22
28
18
17
34
0
93
151
94
41
52
54
33
57
50
27
8
9
0
119
67
70
43
62
66
48
33
42
37
37
33
43
53
77
115
115
151
150
175
168
149
112
103
101
69
27
92
52
18
58
40
25
19
16
10
0
20
0
53
81
15
10
16
0
17
15
102
107
94
25
14
0
67
117
106
55
112
102
12
14
12
6
15
27
22
40
60
11
51
17
0
6
0
3
5
20
7
29
16
21
45
21
95
11
19
16
3
0
5
9
9
5
4
8
13
3
0
17
85
171
72
77
9
60
80
120
55
120
11
8
1
90
44
78
46
60
85
69
84
62
49
95
70
47
54
42
94
95
105
148
122
151
137
128
124
113
115
53
88
94
28
63
69
110
73
109
98
98
62
37
23
50
26
1
0
6
3
0
87
135
89
5
14
16
37
56
79
60
141
82
0
13
21
14
47
126
110
47
53
9
34
38
37
15
24
15
5
0
0
0
2
0
8
9
3
44
10
10
18
24
22
17
11
6
4
3
4
12
20
37
147
97
55
57
47
90
77
120
70
113
0
4
27
100
87
82
74
77
76
95
86
82
81
47
76
53
18
47
20
25
21
50
36
46
91
71
86
87
67
42
80
90
38
91
68
131
101
107
156
138
150
97
34
76
68
60
48
10
19
37
54
119
76
2
2
12
0
19
81
98
107
36
16
18
0
0
29
134
114
95
16
2
26
0
28
22
29
5
5
9
39
16
16
28
31
7
0
24
24
0
29
16
10
3
1
3
8
11
13
27
0
67
140
72
25
60
50
123
83
105
47
92
34
15
0
127
86
116
89
94
125
91
99
109
65
50
85
82
88
79
50
88
65
49
37
11
41
1
7
48
46
35
2
7
56
95
32
91
88
121
122
154
150
153
78
80
78
93
105
60
69
119
102
107
111
96
82
70
34
16
24
54
108
15
0
26
18
0
13
124
147
158
10
26
20
0
7
9
14
0
8
14
55
83
56
48
25
20
0
7
0
23
34
30
22
12
3
0
2
6
8
33
0
87
100
73
18
60
28
86
73
114
51
49
17
10
0
122
127
105
120
115
109
119
88
100
75
72
114
95
101
102
92
74
71
91
92
125
107
120
117
63
46
50
62
81
78
32
87
24
58
86
59
71
44
63
48
65
84
84
117
126
99
136
166
137
134
145
135
127
137
132
102
92
75
36
57
6
0
20
0
80
156
83
0
19
0
23
5
9
16
12
21
0
27
139
99
70
69
9
18
0
2
21
28
30
28
23
14
7
8
16
23
25
27
71
83
41
56
50
28
68
54
95
74
43
0
0
15
114
106
127
113
92
116
92
99
89
93
56
118
99
98
141
141
127
157
158
159
161
120
109
110
110
137
160
120
89
107
30
33
49
61
36
35
14
18
2
35
38
63
72
78
87
82
118
114
127
127
167
183
152
152
136
116
145
122
95
137
105
12
8
70
114
163
76
62
51
26
13
3
3
0
2
15
7
42
168
127
83
118
0
33
0
27
0
16
5
9
11
9
7
10
20
29
20
34
24
35
25
99
74
34
95
90
85
73
41
20
11
0
79
98
78
96
81
96
118
106
97
63
83
116
123
180
153
206
129
171
144
143
145
162
111
128
119
98
108
99
85
106
100
95
94
62
69
30
55
68
69
59
34
35
54
41
36
44
77
48
68
68
88
109
80
96
102
154
117
123
140
152
153
124
121
129
145
158
161
165
171
177
137
149
128
100
85
71
52
64
83
43
61
59
9
0
16
2
6
6
7
8
9
6
2
0
0
0
14
12
0
0
23
101
109
35
97
128
81
53
7
8
19
3
103
94
70
73
62
95
94
85
68
73
76
132
130
139
105
129
173
175
150
77
138
162
108
108
127
122
89
97
158
126
109
103
125
136
164
149
111
193
165
131
120
94
73
65
84
19
3
50
36
39
30
54
45
63
41
107
66
83
71
66
154
146
117
151
174
190
199
166
184
157
195
175
178
174
183
170
155
171
114
111
76
38
44
22
0
0
13
0
2
3
6
10
14
15
12
9
4
15
6
9
0
81
110
41
115
100
2
13
4
6
14
0
74
70
91
101
97
97
92
91
92
77
82
89
74
52
110
109
103
96
140
114
92
93
118
115
131
170
106
115
133
117
147
137
146
121
167
168
173
156
134
116
116
128
169
121
116
140
132
90
86
75
35
11
27
36
32
38
68
70
46
54
82
73
71
104
139
83
174
147
143
206
163
207
179
206
180
177
194
189
190
171
158
176
163
137
138
133
105
81
64
31
0
6
0
0
19
0
3
8
3
8
20
104
112
57
145
53
10
7
17
7
22
97
91
64
61
71
86
105
107
96
80
61
85
110
133
141
134
108
92
118
102
109
120
113
101
110
81
131
124
89
144
120
165
131
153
113
114
117
118
125
139
149
158
117
106
124
144
153
178
176
167
170
159
143
125
99
103
140
104
59
82
73
69
57
106
66
64
71
73
86
96
124
79
121
111
150
172
159
175
160
186
199
171
181
141
178
170
171
201
167
185
158
157
115
132
114
48
51
14
0
8
1
0
11
51
54
126
23
10
17
7
9
0
136
124
103
97
96
87
93
97
79
83
77
97
89
86
116
112
136
129
134
120
137
122
119
147
131
123
132
136
100
143
110
158
170
155
136
119
141
166
180
161
112
134
137
122
155
156
154
170
151
108
143
156
149
164
186
192
190
188
146
177
170
139
126
168
93
125
71
89
74
58
47
89
70
86
69
82
67
116
105
99
86
181
134
160
173
158
175
195
201
179
188
169
153
181
169
175
185
164
123
120
93
65
20
23
11
87
82
8
17
10
15
14
95
140
133
136
138
121
124
139
116
61
58
52
54
42
56
40
68
100
92
122
131
130
144
171
130
126
134
141
153
141
128
125
168
143
153
154
168
171
140
144
118
133
160
144
148
132
153
157
138
159
166
186
198
175
136
138
173
187
205
195
220
201
193
184
153
170
147
177
132
138
96
91
106
104
54
43
23
56
65
50
51
78
30
111
92
102
112
125
161
160
171
166
194
178
176
204
168
191
172
179
178
186
174
160
124
80
180
48
3
24
2
0
64
122
105
95
105
100
118
140
99
44
44
22
56
47
34
42
71
136
130
115
84
109
156
102
87
111
145
155
165
136
167
149
174
152
135
133
146
156
94
122
137
149
132
130
155
161
178
159
182
133
167
186
169
156
168
173
158
142
178
147
185
189
182
179
187
169
180
167
188
156
170
139
162
161
129
121
126
117
127
87
88
37
50
58
69
79
66
83
94
86
67
88
109
102
181
174
182
174
183
183
190
184
202
196
184
172
142
150
113
11
0
42
81
127
118
112
123
105
115
140
85
58
41
13
54
55
46
93
130
109
104
105
98
86
183
126
131
144
149
167
159
156
156
164
176
147
137
121
115
149
140
147
135
142
131
159
183
189
180
144
177
185
158
164
196
206
199
197
197
177
175
156
171
163
143
193
182
167
162
132
184
151
176
220
177
198
186
176
195
160
174
147
152
122
132
89
100
78
91
44
52
46
89
82
85
79
106
83
107
117
127
128
157
153
174
174
192
177
185
185
178
132
65
88
139
112
111
110
126
104
112
143
81
66
11
5
50
89
94
105
96
101
91
145
147
108
154
142
128
139
129
165
167
185
132
140
125
125
154
141
120
110
148
148
169
161
175
180
164
168
157
154
170
170
187
207
198
175
182
195
185
189
190
178
190
151
135
191
156
135
179
169
169
218
186
202
173
162
170
163
173
136
156
189
211
205
180
176
176
158
180
136
143
115
156
103
69
57
33
58
54
73
75
80
105
121
123
122
136
118
153
128
165
152
121
147
143
154
125
95
107
100
122
151
72
70
22
62
78
99
109
117
116
163
140
157
104
149
130
170
184
132
143
163
148
169
152
171
127
139
140
129
177
148
163
109
168
177
181
157
155
191
171
187
181
196
185
197
203
183
174
176
165
133
187
166
208
158
165
183
153
157
167
212
200
178
201
198
181
143
141
144
189
204
195
176
112
166
155
168
190
200
158
224
184
199
159
183
137
149
146
130
72
58
62
66
44
54
38
47
51
58
48
54
77
59
108
109
157
117
108
118
98
106
128
127
62
77
62
109
99
116
123
172
142
168
133
140
150
141
144
133
153
155
141
176
139
139
129
155
147
149
155
182
164
159
161
186
167
158
165
171
180
183
172
173
193
141
172
197
164
192
163
179
173
174
145
161
157
155
185
150
176
199
155
177
210
154
159
137
133
189
176
164
172
166
182
207
169
170
166
164
173
198
160
173
173
190
155
161
170
161
145
125
155
133
137
101
101
69
92
55
64
71
55
70
50
74
72
70
86
105
105
119
107
128
146
146
98
113
97
124
119
132
135
165
147
145
135
171
170
154
134
126
139
137
136
165
158
161
157
154
154
162
158
178
168
169
168
186
169
166
182
189
188
184
172
171
185
153
187
193
154
170
155
158
134
140
145
191
151
182
196
196
180
177
136
154
174
153
168
168
172
173
164
162
184
178
182
205
170
190
179
170
166
175
153
144
146
138
149
170
153
145
160
160
173
184
181
161
141
135
134
117
117
92
93
101
56
66
74
64
53
109
121
134
129
163
169
165
141
158
142
136
135
134
125
127
129
143
137
173
147
142
119
133
137
142
146
155
167
178
171
138
148
170
154
164
168
174
168
175
166
158
185
192
180
171
165
162
166
154
176
164
157
165
158
155
136
163
202
195
190
153
184
159
145
204
167
173
162
173
173
183
181
172
163
161
194
183
170
195
168
182
168
161
151
152
168
134
143
159
161
163
142
162
194
181
154
124
123
137
121
166
159
183
182
182
180
180
141
138
139
128
113
104
123
132
128
166
155
144
140
142
135
117
135
132
126
119
152
155
134
154
113
136
120
152
137
161
153
145
148
182
164
125
143
165
146
148
163
169
156
155
160
143
174
179
159
156
162
158
152
155
154
134
178
179
163
166
174
186
190
181
171
162
129
148
143
179
156
167
141
188
172
187
175
192
174
162
197
176
148
182
165
157
145
146
140
141
195
141
158
164
164
171
152
150
141
144
143
159
156
165
142
185
160
189
181
189
157
153
159
151
129
128
142