112
92
132
124
139
154
156
168
179
167
161
148
136
133
136
143
159
174
189
176
178
143
171
36
87
166
35
72
168
255
246
246
255
236
243
255
253
247
255
255
255
245
255
255
239
255
255
244
251
255
250
247
255
255
252
249
255
255
250
250
252
253
254
254
254
254
255
252
247
245
248
251
252
252
253
246
235
226
220
220
223
225
251
255
254
250
250
254
255
252
255
255
243
255
250
255
89
132
255
251
249
247
255
190
123
219
253
246
246
254
255
253
250
252
179
165
154
143
131
132
137
134
162
167
177
185
178
157
137
127
122
129
140
157
209
155
191
239
230
247
239
219
195
194
218
225
221
243
255
249
246
245
247
255
231
255
255
248
248
254
255
236
255
255
243
234
254
255
242
246
250
249
247
244
241
238
236
235
234
232
232
235
241
247
251
254
255
255
252
250
249
250
251
253
252
251
250
250
253
255
255
254
246
255
249
254
244
233
69
133
253
251
255
249
255
248
216
255
253
252
253
255
255
252
251
251
140
155
166
175
182
174
163
162
139
127
116
117
131
157
188
211
223
237
231
246
251
227
210
205
224
255
224
149
140
127
104
112
122
160
223
229
202
161
123
147
152
154
165
211
222
190
205
244
213
233
255
255
248
246
254
255
244
245
245
247
250
254
255
255
254
255
255
254
253
254
255
255
250
251
254
255
255
255
254
253
255
252
249
252
254
253
252
251
252
249
248
248
255
207
64
173
249
237
255
253
245
255
254
248
252
255
255
255
254
255
255
253
156
156
132
112
117
121
130
154
181
195
217
237
244
236
222
213
199
204
192
191
177
190
192
188
214
255
232
139
146
157
136
144
129
154
227
231
196
148
99
136
134
123
133
188
186
121
116
155
168
156
226
239
141
120
159
139
144
145
146
150
156
162
168
172
191
196
202
206
209
212
218
222
240
243
248
252
254
254
252
251
255
254
253
253
251
248
249
253
255
246
254
251
255
146
42
201
255
238
253
254
242
254
255
255
246
249
249
246
248
253
252
247
144
173
193
212
237
237
229
239
219
218
214
208
202
196
191
188
194
188
203
201
199
205
212
205
216
240
255
146
108
120
122
129
115
143
226
251
239
198
139
165
144
126
148
231
239
161
144
184
222
167
206
225
147
132
174
159
135
133
130
127
126
126
128
128
111
115
121
123
123
124
128
131
129
131
135
140
144
146
148
149
149
159
170
178
186
201
217
228
211
211
233
236
239
118
63
215
251
243
250
255
255
244
234
250
255
255
253
252
255
255
255
250
222
228
225
218
213
199
185
184
185
185
183
180
183
192
198
200
218
194
206
186
182
154
132
110
57
86
192
122
61
61
72
78
97
99
128
131
136
136
124
157
165
134
135
201
209
140
130
170
238
204
189
189
164
136
139
158
148
147
146
145
145
145
147
147
158
158
157
154
149
144
142
141
142
141
141
140
141
142
143
143
138
148
146
131
125
135
143
143
131
132
141
169
188
96
74
151
122
137
130
128
161
195
225
255
251
243
238
240
242
240
236
236
194
187
188
190
188
194
200
198
201
208
211
207
201
194
182
171
153
127
126
100
106
107
100
104
83
79
200
141
76
55
50
56
66
83
95
95
101
102
97
104
102
121
105
98
106
110
117
108
121
131
126
126
134
117
113
142
123
124
126
130
133
136
139
141
137
137
138
141
145
148
149
149
156
155
153
151
149
149
149
150
157
169
166
149
155
182
193
183
159
152
148
198
181
84
112
163
182
214
229
235
241
238
227
212
209
201
202
209
205
195
197
210
193
185
199
210
204
207
207
190
175
170
155
136
125
125
125
122
140
149
166
155
150
155
131
141
110
74
181
136
100
78
54
59
72
103
105
104
110
114
121
117
119
125
116
129
135
119
122
129
115
115
121
121
115
121
126
118
120
120
119
118
117
114
113
111
119
116
114
116
121
124
124
122
124
125
127
131
135
139
142
144
177
185
171
144
149
177
180
158
140
150
171
243
162
38
145
253
247
234
222
216
196
192
204
192
201
195
202
214
206
192
201
226
213
203
187
169
154
143
137
134
127
134
145
157
168
176
180
182
171
173
166
152
147
150
145
135
123
70
143
128
109
68
50
66
87
85
109
96
104
121
100
120
115
112
125
119
107
127
120
122
119
127
139
126
127
142
132
127
119
123
128
129
126
124
125
126
122
121
121
120
119
119
119
118
113
116
122
125
124
119
113
108
99
102
106
116
135
167
203
227
249
249
255
249
134
65
151
209
182
188
196
201
203
204
206
209
213
215
221
203
211
189
200
209
135
134
134
137
144
154
163
169
187
187
186
184
179
173
167
164
166
175
176
166
155
141
118
96
91
59
102
113
109
56
77
90
95
70
82
121
184
237
244
248
234
168
149
195
170
142
124
163
161
120
118
129
125
109
104
135
137
137
134
129
124
122
124
127
127
127
126
125
125
126
127
127
128
122
113
107
108
117
128
135
185
202
225
243
250
247
241
237
208
197
195
201
112
75
177
215
208
207
205
203
204
210
219
226
205
196
208
198
212
199
199
205
163
165
168
171
175
178
180
180
172
174
177
181
185
187
189
190
165
161
149
133
128
134
135
131
108
90
87
109
115
43
96
114
113
108
142
214
249
252
255
234
253
187
243
239
255
149
217
255
170
120
150
229
255
242
198
196
111
115
121
125
125
125
125
125
120
122
124
125
123
118
113
110
120
134
157
186
214
238
254
255
245
237
224
210
198
190
187
187
205
203
202
200
98
75
196
216
211
212
211
204
192
177
165
158
168
181
216
200
199
182
180
220
168
173
180
187
189
188
184
181
195
191
183
172
161
152
144
141
135
146
157
168
181
192
195
190
152
133
105
114
127
44
91
127
120
130
164
237
234
212
255
255
230
227
255
254
244
206
251
238
140
147
211
255
254
233
202
190
148
149
149
147
143
138
133
131
130
125
121
126
142
168
195
212
244
247
250
247
236
218
199
187
192
194
198
203
207
208
206
204
201
209
215
200
94
89
208
202
166
163
160
163
175
195
216
229
228
223
215
193
219
200
154
193
184
184
183
181
177
171
166
163
132
135
140
148
157
166
174
178
202
207
210
206
195
177
154
136
157
136
121
114
142
66
74
130
140
130
131
187
168
136
195
208
201
241
255
242
199
188
231
184
144
179
250
255
241
234
209
179
163
160
155
153
154
158
163
166
198
211
229
245
252
248
238
231
207
202
195
190
191
198
206
212
210
207
204
204
207
212
215
216
201
195
193
159
75
105
198
161
208
212
220
225
226
221
214
208
214
218
190
179
221
214
182
246
166
162
155
149
146
146
148
150
186
188
191
197
203
210
215
218
196
187
175
164
158
157
158
158
142
129
129
112
161
91
62
127
126
125
134
191
180
147
199
222
196
226
255
245
202
147
235
210
138
144
206
236
220
201
150
94
129
140
160
185
211
232
245
251
245
237
224
211
201
195
193
193
210
209
207
207
208
211
214
216
221
220
218
211
199
185
172
165
168
170
184
129
71
152
241
217
219
213
206
203
205
211
218
221
226
234
210
207
195
174
178
237
155
159
166
176
189
201
212
218
212
209
205
199
193
187
182
179
181
177
172
170
167
164
160
159
143
142
129
108
172
106
69
133
130
130
132
165
153
126
174
221
235
249
219
255
201
183
234
207
148
145
210
248
228
222
220
212
254
252
250
246
238
225
210
199
190
192
195
200
205
211
215
217
205
211
220
226
225
219
210
204
179
174
165
158
161
175
196
211
220
224
239
134
68
162
223
213
207
212
220
228
230
225
215
206
197
159
155
228
211
210
227
193
209
212
215
215
209
199
188
180
182
183
185
188
190
191
191
192
183
180
177
177
174
167
161
158
149
156
120
97
172
109
86
148
129
124
122
150
154
132
157
201
213
245
254
251
206
161
255
202
213
185
228
255
248
251
250
237
218
207
194
186
187
194
201
205
210
209
209
209
210
213
215
216
228
217
199
181
169
163
163
164
177
194
217
232
234
226
218
214
205
201
219
111
77
199
237
221
227
218
204
186
164
140
117
102
106
55
100
232
189
194
231
136
188
184
178
174
173
176
181
184
198
188
183
187
190
187
185
186
185
183
180
174
167
161
157
155
155
149
146
114
156
145
77
168
132
132
118
122
129
105
116
175
224
236
255
242
253
233
231
255
253
240
226
215
201
189
187
193
196
201
209
216
218
216
211
207
213
218
225
229
225
208
184
167
152
159
172
188
204
217
227
231
231
224
214
210
211
212
211
208
225
218
210
59
88
209
194
166
138
160
118
120
125
96
107
98
102
78
134
211
183
242
172
110
174
177
181
184
186
186
184
183
191
180
172
175
180
183
187
191
179
178
179
180
179
173
162
153
148
147
143
122
153
134
67
121
78
92
89
97
127
142
172
224
247
241
238
216
236
226
213
200
190
190
192
197
202
208
215
221
214
212
210
210
213
219
225
229
202
187
167
152
152
168
190
207
229
229
227
224
219
213
208
205
210
212
216
224
229
229
222
215
203
199
148
67
95
144
125
122
127
113
126
134
122
149
145
170
192
79
114
214
218
210
113
112
174
176
180
183
185
185
185
184
179
173
171
175
179
180
179
180
195
187
178
170
163
150
132
119
111
88
61
64
117
120
66
63
119
170
206
230
255
253
236
235
220
204
195
195
202
185
199
204
204
208
210
211
213
216
217
214
218
217
213
205
192
177
164
155
175
189
208
221
227
227
227
227
217
212
206
202
205
213
224
231
228
221
211
199
184
165
145
132
129
130
90
79
102
119
128
139
146
168
152
204
226
204
231
201
212
115
114
212
226
151
142
111
192
188
182
178
176
178
181
184
187
189
194
200
201
196
188
182
156
145
128
111
95
79
66
57
59
80
96
131
178
213
239
252
242
252
235
208
201
197
189
189
193
195
191
204
213
205
213
199
215
220
221
216
213
211
203
193
168
164
161
163
175
194
214
227
225
226
226
222
216
212
211
212
210
219
231
238
233
218
199
186
163
154
140
129
123
121
120
120
115
142
111
59
140
196
182
204
213
211
233
192
203
183
193
198
203
132
89
217
221
79
93
102
172
173
174
176
180
183
187
189
195
188
173
154
135
117
101
91
83
78
73
76
92
122
158
182
200
230
250
255
245
222
213
187
189
192
191
193
199
201
203
210
193
224
220
203
200
221
230
221
198
187
170
156
155
165
175
178
202
209
220
228
230
226
219
213
220
215
209
208
212
217
222
224
214
202
182
160
141
128
122
120
123
121
119
122
130
142
154
160
174
211
174
9
123
241
190
206
201
191
199
191
233
255
213
173
197
110
163
248
61
135
113
128
185
188
190
188
181
169
156
148
116
111
99
88
87
95
105
109
137
163
199
228
243
248
248
249
236
215
187
178
179
194
208
193
202
196
199
209
210
206
208
215
222
215
209
218
218
194
141
157
150
161
185
214
231
231
222
216
217
215
211
208
210
214
219
223
226
225
224
220
209
187
161
142
127
126
125
124
125
127
129
130
135
145
162
180
197
210
217
220
208
203
226
52
32
180
212
192
196
190
191
220
120
180
249
206
193
156
174
221
215
131
88
96
152
147
137
123
109
95
85
80
92
106
125
147
177
212
238
249
255
247
231
210
191
180
178
180
184
191
207
205
195
198
204
208
208
206
216
224
218
210
207
203
187
173
162
125
72
31
21
160
243
219
199
196
195
191
197
209
208
214
224
230
231
225
216
210
176
162
141
123
115
116
123
129
125
123
123
130
144
164
184
197
213
216
219
219
214
206
198
193
205
184
228
173
14
100
220
201
196
216
198
137
135
166
112
200
173
108
93
98
123
245
143
130
109
103
98
102
119
147
177
196
227
240
250
250
242
230
212
195
180
183
187
193
200
205
207
208
202
192
203
202
209
223
218
226
209
201
196
182
166
165
171
165
157
132
111
100
155
191
103
145
220
200
194
207
211
201
200
212
213
207
197
181
163
145
130
122
125
127
127
125
123
125
131
137
166
178
197
213
222
220
214
208
201
200
197
195
194
196
201
205
190
207
174
223
70
49
145
177
94
23
60
53
56
94
201
202
106
131
133
112
105
60
231
88
145
167
200
231
250
255
255
253
227
212
190
176
174
182
193
200
203
203
202
201
200
200
200
200
220
221
219
211
195
173
152
139
142
160
135
140
155
145
148
136
146
173
180
251
240
182
155
127
214
204
223
196
207
191
177
157
135
129
122
119
119
119
116
113
121
129
145
163
182
199
210
216
222
217
210
204
199
198
199
200
202
201
198
194
193
196
199
199
198
186
193
199
186
42
79
92
130
206
236
193
56
116
255
76
39
111
125
92
127
99
91
128
245
242
233
218
200
184
172
166
176
184
197
209
214
210
198
189
199
204
211
216
216
212
205
201
163
155
145
140
149
173
201
221
238
213
191
191
189
205
241
246
245
239
242
210
132
151
177
126
218
171
159
142
136
128
115
122
132
126
118
116
124
144
166
182
208
209
212
214
213
211
208
206
195
197
198
200
201
201
200
199
195
198
200
199
196
191
185
180
182
197
176
204
166
38
89
135
252
253
222
249
255
123
79
71
74
71
114
134
128
91
110
130
181
181
182
183
187
195
205
212
209
202
193
189
193
202
211
217
216
203
183
162
147
140
139
140
183
197
217
231
234
230
223
218
216
201
238
250
225
222
200
155
131
99
109
107
124
141
111
55
151
115
114
117
108
119
112
129
138
155
179
198
209
214
217
219
210
211
212
211
208
203
198
195
205
206
206
205
202
199
195
193
201
194
185
179
181
190
202
211
225
222
252
180
59
62
49
35
208
242
238
255
89
23
50
76
65
85
130
114
89
109
129
76
198
200
203
202
199
195
192
191
196
203
211
214
205
186
164
150
133
141
156
174
194
211
224
231
201
200
199
200
203
206
208
209
221
216
229
169
106
121
134
138
155
159
145
142
85
61
47
82
95
107
135
147
158
187
200
207
217
221
226
224
217
207
199
195
196
197
198
200
201
201
202
201
201
198
194
191
189
189
191
192
191
195
205
219
229
235
240
244
241
242
224
69
37
194
152
56
125
235
255
185
32
96
54
53
74
105
124
104
100
121
120
81
183
189
197
204
208
210
211
213
181
166
145
130
131
149
173
190
214
214
213
210
204
196
188
183
215
205
194
193
201
211
218
220
221
191
171
144
156
172
136
123
97
82
73
88
95
131
199
168
204
220
210
207
220
212
222
212
209
205
200
200
205
211
216
218
215
212
207
202
198
197
196
196
189
190
193
198
205
213
221
225
235
236
242
249
246
235
226
224
223
243
107
38
176
244
181
86
120
62
240
164
0
49
55
51
31
80
89
52
52
114
117
60
225
215
197
174
152
137
128
126
145
164
190
210
217
211
199
190
191
189
187
187
189
194
200
204
199
200
202
203
197
178
153
133
128
117
105
97
98
82
76
114
133
190
182
233
238
223
197
143
139
167
120
177
223
201
209
205
218
216
215
215
214
206
194
184
197
196
194
193
194
197
200
202
212
216
223
231
237
240
240
240
232
227
229
238
243
245
251
255
255
153
36
46
171
144
141
176
78
27
132
194
144
133
151
142
102
37
44
101
77
68
92
116
112
118
130
145
164
186
206
218
207
203
195
187
182
183
189
195
184
191
202
209
210
204
195
189
171
160
142
124
113
110
113
116
114
108
108
135
157
174
205
219
202
175
178
57
207
66
125
127
87
168
78
188
227
211
208
210
208
204
200
198
199
201
204
205
193
196
201
208
216
223
229
232
232
235
238
240
239
236
232
229
254
248
247
249
240
220
208
207
158
21
77
126
147
149
179
208
36
72
15
57
41
45
64
64
113
72
49
73
54
56
71
107
201
205
208
208
202
193
185
181
184
186
189
190
191
196
204
210
207
199
185
168
150
134
122
116
112
117
120
116
110
109
117
125
156
176
192
203
179
175
175
104
88
94
103
106
151
134
118
149
75
212
84
197
203
208
204
211
204
206
207
205
202
203
208
213
228
230
233
236
238
237
235
234
239
239
240
241
243
246
249
251
229
212
198
192
186
179
185
197
110
84
149
161
132
165
186
76
40
43
81
50
60
100
78
90
114
126
61
45
63
65
52
120
193
190
185
182
182
185
190
193
198
199
200
201
196
183
166
154
137
130
122
118
117
119
121
122
117
116
111
134
164
178
209
195
178
161
75
149
224
60
214
82
114
134
136
67
154
136
82
154
112
141
169
142
223
187
193
200
207
212
218
222
224
227
232
236
238
238
238
238
239
240
241
242
250
247
242
235
224
210
195
186
168
191
181
193
196
188
205
195
85
225
164
161
174
185
132
43
63
47
54
71
54
74
78
77
114
116
98
47
73
64
65
103
176
182
190
197
201
200
196
193
183
171
155
139
129
124
123
123
118
116
113
111
114
124
138
148
183
171
238
220
236
106
92
101
127
98
109
197
194
85
199
122
100
74
144
105
129
128
91
103
118
142
168
155
225
210
225
234
224
227
230
232
233
233
234
234
247
246
245
243
243
242
242
243
205
198
189
183
181
183
185
187
209
191
200
193
189
181
200
94
178
176
131
164
187
186
77
32
46
64
73
49
159
253
225
112
59
111
68
41
74
80
30
99
204
202
198
188
174
157
141
132
123
123
122
118
112
108
105
105
118
133
154
172
185
198
212
222
208
201
196
199
182
175
111
198
47
125
87
128
219
109
214
121
121
96
117
120
122
127
192
170
215
226
239
227
248
230
225
218
242
239
237
237
241
246
251
254
246
240
229
214
199
185
175
170
195
193
192
194
197
199
200
200
194
186
197
185
194
220
116
145
211
177
180
202
164
133
80
102
58
57
60
79
244
235
253
224
41
79
132
97
59
167
102
223
159
151
138
125
117
115
117
119
108
110
114
121
135
156
180
197
201
209
218
219
211
199
190
186
200
203
195
198
199
224
97
174
99
114
96
206
223
105
77
146
114
123
186
192
229
241
235
250
235
231
230
226
227
237
248
248
238
242
249
252
247
229
206
189
179
181
183
186
190
195
198
201
190
190
192
195
196
193
189
185
189
205
193
193
198
154
50
219
114
81
68
60
34
34
100
112
83
78
52
208
231
255
236
172
52
72
49
86
88
224
211
203
120
114
105
100
102
110
121
129
141
157
179
197
205
205
202
200
196
194
193
194
196
199
201
203
197
197
188
200
187
207
88
189
92
147
96
59
211
194
168
206
218
255
215
217
237
196
225
222
228
229
236
245
235
246
247
238
241
225
201
184
179
182
189
194
197
196
195
194
193
193
193
193
201
197
192
191
192
195
197
198
184
194
184
207
193
71
162
223
57
25
49
54
58
39
94
70
91
43
165
227
214
246
240
82
38
101
119
90
77
180
181
202
105
113
128
146
164
181
193
199
217
212
204
195
190
191
196
200
200
197
195
195
198
200
200
198
188
210
198
203
180
208
119
176
156
212
191
228
203
217
245
213
214
206
235
230
232
242
235
243
254
254
255
251
229
217
201
182
177
179
184
189
193
193
190
187
191
190
190
189
189
189
190
190
186
186
187
190
194
195
195
193
208
201
188
177
119
67
160
111
119
43
62
62
54
29
53
92
98
56
146
160
230
245
133
48
150
83
206
103
69
214
179
209
179
184
191
198
201
200
197
195
184
187
192
197
201
201
198
195
190
193
197
200
199
197
194
192
190
194
206
166
211
213
226
214
242
201
232
209
225
216
202
215
228
228
232
249
238
237
254
235
212
203
191
171
172
176
190
193
195
194
193
191
189
188
190
192
195
194
193
192
191
191
191
191
199
200
201
201
198
190
180
173
141
133
136
112
67
129
119
109
145
75
20
56
54
56
34
58
46
157
167
153
255
161
62
100
206
70
170
124
67
178
227
186
197
196
194
192
191
190
191
191
197
193
190
191
194
196
196
194
196
197
196
190
184
185
193
201
211
217
198
245
219
219
219
227
222
227
218
229
230
223
251
246
250
239
236
214
205
204
172
183
179
185
193
182
198
189
190
187
189
191
193
191
188
187
190
194
186
187
188
190
193
196
199
200
196
185
168
151
136
126
118
114
125
101
123
112
102
139
156
167
193
189
32
65
31
58
55
43
99
232
62
230
232
103
55
176
212
76
178
139
92
168
195
193
190
190
191
192
193
193
192
192
198
198
197
193
190
191
196
200
187
190
197
204
211
217
221
223
225
224
224
224
224
225
226
227
227
232
239
245
244
236
224
215
190
185
181
179
182
186
190
192
186
190
193
191
189
190
193
194
191
175
199
188
186
180
188
198
192
200
204
206
186
175
146
144
132
120
108
115
109
118
93
125
138
152
96
129
203
185
188
195
170
213
119
29
68
38
72
45
202
130
102
255
143
71
150
202
40
136
186
134
87
167
196
189
183
187
193
197
199
198
194
192
188
190
193
193
191
190
191
192
211
216
222
228
229
227
223
220
229
229
230
233
238
244
250
254
247
235
216
198
184
177
173
171
189
187
186
186
187
186
184
182
191
192
192
189
186
186
186
186
188
199
196
196
186
218
202
182
190
157
160
118
120
114
117
106
98
102
135
113
152
151
188
183
180
149
52
183
179
175
195
164
180
170
209
150
62
107
46
174
114
242
171
95
87
69
127
27
144
235
215
170
97
125
224
180
197
195
192
189
187
187
188
189
189
194
202
210
217
224
231
236
242
235
226
219
218
223
231
237
237
241
244
243
233
217
200
189
167
170
176
184
191
195
195
193
189
189
190
193
197
198
197
196
187
184
182
183
186
189
191
193
193
196
177
191
167
157
136
128
120
109
108
100
128
110
109
148
172
194
140
191
207
118
63
137
60
110
75
129
175
198
174
182
182
170
172
112
86
140
94
181
102
168
139
113
89
114
163
237
246
245
213
244
178
103
197
190
186
186
187
190
195
201
206
210
224
222
219
216
215
217
220
222
214
221
231
241
248
250
249
247
227
216
199
184
177
178
184
189
198
193
187
183
183
184
185
185
191
188
185
183
184
184
184
183
189
188
191
198
202
198
191
187
165
146
121
128
127
97
101
110
113
124
132
161
146
163
169
144
65
125
70
113
191
108
102
190
91
122
129
189
190
175
168
194
162
202
108
62
115
70
96
133
134
107
99
102
203
248
243
233
233
237
255
255
251
218
215
180
197
202
208
214
217
216
213
211
216
217
219
222
226
231
234
235
247
245
241
231
217
200
185
176
168
174
182
189
191
189
184
180
193
189
185
183
184
186
188
188
185
185
186
189
192
194
194
193
199
190
182
176
162
139
119
109
97
121
112
107
106
118
138
163
140
174
123
135
232
90
65
186
141
124
135
93
227
77
131
85
86
175
61
183
178
162
174
182
182
238
144
62
59
31
101
147
118
139
82
166
255
229
255
255
255
211
201
156
174
174
162
192
224
222
219
217
216
218
220
221
226
229
234
239
242
241
237
233
204
196
184
174
172
177
186
192
195
191
186
182
181
184
188
192
186
188
191
194
195
191
185
180
194
195
196
197
195
188
179
173
154
136
117
108
102
99
105
115
137
131
126
156
177
180
123
125
91
189
72
85
179
199
76
172
104
164
155
164
229
111
95
96
62
184
86
140
206
212
198
220
250
150
91
92
118
75
149
123
129
156
146
246
230
215
189
169
147
177
183
169
195
208
205
196
217
216
215
217
222
230
239
244
253
245
233
220
205
189
174
164
178
181
185
189
191
190
187
186
178
183
191
197
197
192
185
180
190
186
182
181
186
193
199
202
185
178
167
154
139
125
111
103
105
98
100
113
124
133
150
168
136
137
215
194
197
112
74
124
57
132
181
60
222
154
97
246
88
199
61
107
180
188
67
112
226
200
238
252
253
242
237
255
214
14
20
188
225
108
129
114
155
86
179
173
169
150
172
175
196
176
173
209
193
177
190
188
223
231
242
248
245
234
219
209
185
179
173
172
178
186
193
196
189
188
186
185
186
187
189
190
190
186
182
178
178
181
185
188
190
194
200
201
194
178
158
145
127
119
108
100
99
102
107
110
128
139
163
180
167
130
98
85
151
94
182
87
207
130
117
107
172
82
168
93
164
158
61
149
104
179
146
161
230
115
100
243
236
251
238
243
219
249
238
250
81
33
108
227
119
119
95
194
127
149
189
159
178
184
191
195
192
172
169
142
106
203
234
176
241
229
210
192
180
176
178
180
181
190
194
190
188
190
190
188
197
182
181
183
188
190
185
192
175
199
193
173
193
197
199
191
187
161
157
135
110
120
114
101
85
99
118
112
127
150
167
203
191
117
180
195
204
138
122
140
106
111
161
187
201
144
116
111
103
106
101
48
184
177
141
178
234
220
239
248
207
58
219
238
231
233
227
249
255
240
255
143
32
76
186
132
101
114
135
211
120
173
191
197
175
178
149
138
137
141
156
184
210
216
200
182
170
175
182
189
191
189
184
181
177
183
185
182
183
189
192
191
197
192
183
193
191
177
182
183
193
193
174
211
176
147
155
116
108
121
100
99
100
110
89
138
158
166
161
180
178
215
99
72
111
64
111
205
172
169
113
130
133
121
162
205
157
198
33
122
128
130
209
195
231
232
242
245
234
232
233
255
78
114
229
251
246
250
246
235
203
192
142
37
61
127
180
120
128
94
219
121
163
171
145
136
128
157
172
198
202
208
210
202
190
184
189
197
192
188
182
178
179
183
189
193
198
197
192
186
183
184
182
178
167
194
186
185
187
192
206
185
173
145
134
141
118
110
110
108
107
95
114
120
145
168
170
166
167
115
113
76
121
202
117
87
141
138
100
184
174
194
97
166
94
145
51
112
145
200
198
218
246
232
255
230
226
227
231
239
235
247
246
164
34
248
255
210
208
171
162
166
172
157
48
64
141
232
156
117
114
159
188
83
139
159
173
202
212
211
192
196
188
184
179
177
181
187
192
194
188
188
188
189
189
188
188
187
177
177
179
183
190
194
193
190
191
201
200
185
169
153
130
107
114
111
112
66
97
115
88
130
168
169
184
176
145
164
117
52
118
99
171
87
94
193
126
54
114
127
94
151
179
181
99
160
94
183
204
211
240
220
243
230
232
226
233
227
245
255
236
236
254
236
246
66
113
194
159
154
155
184
169
201
140
47
73
140
190
130
135
111
122
179
115
216
211
209
192
184
182
178
169
176
184
185
195
213
225
215
184
156
179
180
182
183
183
182
180
179
184
184
185
190
192
188
181
176
165
123
118
111
104
96
85
114
89
113
102
165
183
187
171
216
106
141
89
78
49
119
91
128
104
65
125
109
64
206
154
97
116
80
92
143
149
188
207
224
255
229
240
245
233
238
221
237
241
230
247
253
232
240
228
207
179
174
120
44
198
171
164
198
184
173
182
117
45
46
117
151
148
142
103
214
153
79
160
188
169
182
183
174
187
197
203
206
196
205
196
156
110
95
120
152
194
192
188
186
185
186
189
191
195
187
177
166
151
133
118
111
112
103
105
94
101
123
129
141
174
177
195
158
54
199
90
70
114
98
111
102
121
112
113
130
98
130
201
137
47
151
163
112
165
159
189
241
228
243
241
232
223
235
218
255
228
211
255
251
255
253
225
198
186
175
159
161
183
182
41
131
186
172
184
176
193
138
80
24
124
196
191
197
222
196
111
202
165
92
184
185
167
193
210
197
199
179
162
144
118
111
117
146
187
215
217
208
172
178
188
194
192
184
172
164
132
123
115
109
102
97
100
106
76
130
141
167
174
168
186
154
137
145
40
167
83
106
153
96
160
74
117
89
127
72
101
74
119
54
79
139
180
178
215
237
235
249
237
233
242
228
220
231
236
238
247
239
252
246
240
186
155
177
158
150
191
183
168
179
183
101
64
202
155
138
144
152
82
100
24
107
222
188
199
213
196
93
66
146
255
130
203
179
200
185
162
124
131
128
153
169
209
217
220
208
187
171
169
173
195
184
167
146
128
115
107
104
105
98
94
98
105
118
140
161
190
196
130
167
133
46
101
104
114
153
80
125
107
118
133
38
127
108
97
97
116
113
101
132
151
232
214
231
220
245
238
226
230
219
242
223
246
225
255
245
245
240
213
191
173
170
150
169
183
169
189
189
174
172
201
173
163
9
132
146
165
201
155
90
99
25
137
201
168
183
165
255
189
44
38
37
74
154
180
132
126
133
164
183
217
197
198
203
170
169
170
175
182
188
191
190
121
125
84
103
121
88
86
106
111
113
141
180
169
197
214
84
47
177
41
111
114
166
153
53
77
140
51
159
105
121
111
82
98
112
130
149
174
203
228
240
234
230
225
223
225
229
233
235
235
242
251
254
245
226
205
190
172
164
157
161
172
182
185
184
198
174
190
156
155
141
124
162
44
143
221
191
227
147
84
79
42
176
206
169
196
201
158
146
168
196
152
225
64
55
148
192
219
203
188
198
170
175
179
169
187
190
192
188
178
172
179
190
105
98
103
111
102
134
171
163
184
211
166
109
62
104
211
95
103
167
140
86
121
146
211
86
115
122
70
77
68
93
157
182
197
212
229
237
237
233
223
214
228
228
231
235
240
242
242
240
247
224
194
175
171
171
167
162
174
181
191
195
190
178
165
157
124
146
138
165
171
185
233
158
30
168
203
188
109
87
63
69
210
202
184
185
192
156
119
120
204
220
171
240
171
6
31
173
179
175
179
178
186
182
181
187
181
178
179
188
200
213
228
240
122
115
157
179
194
157
127
170
27
175
168
92
126
113
223
103
37
137
111
47
146
96
68
106
102
120
175
178
202
202
220
233
223
225
223
218
219
227
234
237
237
239
242
241
233
217
198
186
167
174
179
175
168
170
182
195
178
180
174
155
133
128
142
159
180
199
203
200
203
185
210
36
132
201
177
110
113
64
130
218
171
147
156
147
127
166
168
84
221
201
228
255
218
158
200
185
176
173
194
192
202
196
201
172
208
216
233
250
255
255
253
253
187
212
146
66
209
107
15
225
60
183
164
161
57
110
210
126
128
86
119
95
121
80
149
188
209
208
226
227
223
238
219
231
217
225
232
234
237
240
239
234
227
215
197
181
171
168
167
168
171
168
172
186
200
195
171
148
153
141
137
155
187
209
209
201
191
178
196
174
172
200
123
44
181
199
89
121
34
100
160
126
149
176
186
188
204
206
189
178
192
177
181
217
232
247
216
161
180
198
168
171
109
108
239
240
254
255
255
252
244
241
251
255
169
182
171
40
181
181
114
176
109
150
160
124
107
92
173
153
81
140
136
207
191
231
215
247
222
227
213
232
219
236
222
224
245
248
247
237
225
210
192
177
174
172
170
172
176
181
184
185
200
195
179
151
128
129
152
176
172
197
219
214
191
173
176
187
188
182
179
198
177
212
49
118
216
66
102
83
159
186
185
220
207
179
177
184
168
167
187
198
105
145
192
189
236
255
235
250
195
159
230
141
2
27
41
251
251
239
221
205
191
186
194
205
173
180
201
100
158
77
19
162
132
107
175
180
90
93
184
205
207
225
231
227
230
222
242
208
221
233
224
234
237
231
250
246
216
206
188
170
162
166
170
170
170
174
180
185
186
179
169
161
127
132
147
174
202
215
210
201
193
182
172
175
186
192
188
180
206
201
188
188
207
119
49
138
68
125
59
117
204
189
157
163
169
168
190
193
179
191
174
109
146
115
220
154
165
229
254
202
255
134
22
33
46
57
21
203
211
195
180
177
179
178
174
171
175
174
195
116
132
191
130
115
172
128
170
172
242
220
232
211
226
212
206
228
208
223
232
226
239
245
244
236
224
192
184
167
164
167
169
171
178
185
186
181
187
177
163
152
149
152
158
162
204
209
208
197
182
175
182
192
179
184
191
194
194
192
191
190
161
147
145
129
174
24
125
152
118
110
102
201
163
183
182
196
187
206
165
154
194
158
112
149
128
104
246
173
122
126
162
220
227
99
16
51
71
59
9
151
192
181
171
173
183
198
216
231
188
169
188
148
94
207
190
181
215
226
225
223
206
216
217
225
220
230
232
219
249
246
222
246
218
200
176
168
156
175
165
174
175
180
185
185
183
176
161
147
138
146
159
176
192
201
205
205
178
179
181
183
184
184
184
183
196
200
198
183
159
143
141
145
179
189
193
224
175
32
133
82
131
65
214
173
183
193
191
176
176
143
190
223
160
127
140
124
145
87
208
189
130
157
112
130
181
51
46
58
28
46
47
136
195
207
220
219
203
191
199
213
168
175
189
204
210
210
213
218
215
214
214
216
221
226
228
229
238
236
233
227
216
199
179
165
173
167
162
166
176
185
187
185
176
174
164
146
133
140
166
190
211
207
200
191
184
180
178
178
193
183
177
185
199
203
194
181
159
152
140
148
174
190
196
206
191
181
172
189
97
37
118
110
50
177
175
193
167
154
145
175
205
248
248
236
116
112
143
137
111
120
227
239
135
131
138
173
65
25
42
47
30
55
20
107
222
168
179
192
210
219
222
185
211
210
212
214
214
213
218
225
220
224
230
236
239
237
231
226
210
196
178
165
160
163
168
171
164
181
199
202
186
162
144
135
146
152
167
188
205
210
202
192
162
173
184
186
180
178
184
192
189
199
201
184
157
140
143
153
169
185
202
209
200
177
166
174
169
167
183
194
56
67
81
43
143
224
217
250
240
249
195
148
153
91
42
0
83
179
147
141
122
240
242
228
238
111
180
66
17
55
63
74
59
99
98
110
169
184
197
180
179
170
189
179
220
218
219
221
220
216
218
222
230
229
225
219
208
193
177
166
164
165
169
175
182
186
188
188
189
169
144
127
130
150
175
192
196
204
207
196
177
169
177
188
196
186
179
184
196
198
186
172
156
147
143
155
178
197
204
202
199
180
162
162
169
172
172
175
184
203
217
163
28
86
79
100
247
220
246
120
212
193
239
185
0
51
29
106
203
148
138
182
120
218
255
200
250
191
63
26
61
89
85
92
116
103
72
79
52
135
189
172
176
167
185
194
204
208
220
233
238
235
233
233
206
194
177
164
161
167
175
181
174
180
188
191
183
167
147
134
132
139
156
179
198
204
196
187
173
169
168
173
182
188
187
183
183
188
187
174
156
146
150
159
193
199
203
196
182
169
164
164
157
167
180
183
181
192
206
209
197
146
115
92
72
62
62
217
252
198
163
105
126
178
86
245
218
0
100
192
114
205
170
166
117
217
254
238
231
181
6
101
105
66
78
69
48
54
27
76
33
100
193
177
179
184
172
178
246
238
229
219
203
182
167
161
166
168
172
178
183
185
183
181
188
172
150
133
131
146
168
184
198
203
202
191
174
165
168
175
187
185
185
191
198
197
187
177
163
150
142
156
181
198
196
186
179
167
156
159
173
185
187
183
194
194
203
205
193
170
115
48
31
18
9
31
56
44
72
238
196
153
103
146
151
144
205
139
234
161
138
168
113
149
154
149
174
220
222
218
255
191
56
87
66
87
201
143
75
47
62
42
74
79
198
177
166
192
166
177
189
180
171
168
169
170
175
181
178
178
179
179
175
165
153
145
133
147
167
185
194
195
192
189
166
170
174
175
176
182
193
202
185
187
183
167
149
141
147
157
190
199
205
198
182
171
172
177
163
174
186
190
188
188
194
201
179
151
118
67
12
7
33
38
33
45
51
76
37
51
69
134
171
231
240
179
163
155
159
176
213
227
134
126
152
145
193
169
97
173
255
222
253
215
64
71
49
197
213
152
85
49
47
55
56
48
182
177
164
194
174
191
173
168
167
172
176
177
177
180
180
168
151
140
141
153
168
178
195
195
192
185
178
172
171
172
179
180
183
188
191
186
173
163
157
153
157
174
195
206
203
194
168
165
164
170
178
180
174
167
204
195
190
193
190
161
109
67
64
10
1
26
29
34
46
41
53
15
26
53
41
53
66
103
194
183
184
221
242
223
205
239
233
168
110
140
157
165
200
141
53
158
243
241
255
255
76
48
51
204
255
120
185
41
64
59
51
75
176
178
175
179
166
174
175
177
186
194
189
169
147
133
127
140
161
182
195
196
189
182
172
176
179
180
179
180
183
186
188
188
180
164
148
145
156
169
193
197
196
187
173
164
163
166
175
180
184
183
181
184
193
201
161
144
108
60
20
2
7
18
146
54
23
53
51
33
34
35
32
104
160
31
23
58
110
141
166
174
166
187
184
207
224
211
220
162
139
181
132
151
131
89
93
143
251
224
241
246
44
71
61
206
237
192
49
81
26
39
75
126
171
168
185
173
176
177
176
166
150
131
121
132
167
200
204
199
189
176
166
166
173
181
176
175
173
194
195
182
182
163
146
148
155
171
190
201
199
192
165
179
157
171
188
178
184
178
183
168
184
183
159
169
148
71
128
95
17
27
35
64
36
52
13
28
40
39
33
34
43
51
29
225
95
16
46
54
74
159
219
190
188
168
164
188
190
201
194
157
187
105
135
163
97
58
66
159
233
179
254
231
188
59
28
93
230
251
141
61
121
148
182
197
180
166
155
156
151
157
127
140
162
188
205
204
188
173
165
174
182
181
173
170
177
185
190
193
180
157
138
139
162
177
202
203
198
184
168
160
161
165
191
154
166
205
164
154
180
176
194
189
159
132
156
187
134
38
157
148
38
43
33
29
29
38
42
31
28
40
51
47
32
21
37
201
24
54
14
121
48
133
222
199
205
196
188
190
175
180
152
141
126
169
137
142
113
73
153
214
116
189
219
235
236
246
144
37
168
244
246
112
148
215
173
158
155
202
228
244
255
254
193
202
198
175
155
157
170
181
176
170
171
184
197
195
175
155
153
159
166
171
198
213
191
177
157
158
163
172
180
181
177
173
183
213
197
174
168
195
169
168
109
76
119
179
153
106
112
133
103
127
9
38
46
21
39
32
39
39
42
41
31
26
41
64
15
183
51
2
38
83
140
120
242
236
252
254
240
216
182
176
57
142
167
205
195
185
94
98
213
114
151
136
182
221
242
255
255
255
114
195
224
254
93
156
198
172
245
252
148
138
126
124
198
198
186
172
174
186
185
172
191
189
180
161
145
147
166
185
190
190
189
171
174
176
158
166
192
177
165
166
178
189
196
199
170
118
115
131
111
145
105
65
31
99
98
75
101
95
46
27
168
170
30
32
45
25
45
39
30
32
34
36
36
34
33
34
12
114
221
90
29
47
82
146
194
148
91
65
94
146
183
209
175
38
126
121
118
98
212
181
108
142
148
131
159
139
169
240
218
220
152
176
233
248
244
85
237
255
186
39
95
109
136
155
227
224
209
189
183
185
174
155
149
150
158
179
199
204
191
177
170
174
183
180
175
168
165
180
166
184
206
210
182
135
96
78
35
52
104
96
26
28
26
41
116
88
73
82
108
134
125
90
134
127
39
29
43
36
33
37
31
35
33
30
37
50
48
37
46
51
136
99
28
66
75
65
64
87
84
79
88
80
49
21
60
173
97
105
119
164
166
128
130
162
127
196
246
152
58
73
146
233
156
131
205
225
255
210
83
255
249
245
175
184
184
149
175
178
168
147
137
150
173
188
197
203
202
185
164
156
165
179
173
168
160
175
176
182
203
191
187
150
98
50
16
3
16
35
35
84
91
76
125
142
96
76
52
70
45
69
178
212
133
66
5
20
24
32
44
44
29
38
32
42
43
34
28
32
36
35
38
56
3
13
94
54
27
111
240
239
198
197
238
248
220
181
96
44
58
192
246
177
144
121
127
111
86
154
254
125
142
90
65
153
126
107
172
223
239
242
146
65
229
229
139
84
195
161
179
177
181
194
206
204
187
170
170
163
160
166
177
180
173
164
173
192
187
199
163
132
130
48
9
3
9
29
43
42
38
38
40
2
23
80
150
138
122
67
90
89
82
64
57
70
64
35
41
40
49
42
33
35
38
42
42
33
33
41
43
36
34
41
76
49
15
176
49
11
80
161
206
243
227
217
210
188
206
235
234
210
106
11
80
169
124
117
101
78
88
102
198
171
81
109
163
118
99
169
175
195
221
255
255
114
160
145
98
64
105
208
184
182
180
174
163
156
162
173
172
170
169
172
179
183
183
181
169
147
91
116
135
160
171
33
23
31
47
59
52
34
29
37
26
44
28
48
175
153
114
57
65
41
23
36
51
40
30
38
40
31
36
40
32
33
46
29
43
37
41
42
29
51
145
248
171
24
43
46
14
253
109
114
222
202
145
161
196
166
138
127
191
201
225
165
33
18
121
123
79
76
105
153
103
64
106
141
131
65
98
196
200
146
239
225
249
238
94
120
77
94
103
137
179
180
192
173
160
166
162
174
176
183
188
182
166
147
133
126
136
151
95
116
160
114
71
47
28
30
31
42
53
42
25
24
28
36
28
42
35
18
43
53
25
28
35
45
25
44
40
46
41
33
38
45
43
44
41
29
30
51
40
30
46
22
178
163
115
47
32
53
60
214
193
128
214
190
110
78
99
171
113
93
162
198
175
144
163
148
0
80
118
64
83
140
104
114
134
139
71
112
169
132
217
162
189
213
245
250
189
96
122
107
164
90
199
186
179
194
177
180
215
191
186
140
102
104
129
148
159
166
150
138
51
24
28
0
13
29
31
38
33
25
22
21
32
54
36
36
23
38
41
28
35
28
41
41
33
48
50
37
53
40
48
45
49
46
37
42
52
50
41
47
36
38
46
6
121
132
103
40
47
64
188
236
119
139
191
232
162
178
187
176
76
166
121
206
165
111
180
195
136
28
33
117
90
60
150
157
112
68
84
251
89
51
155
207
173
231
230
247
255
117
129
82
96
129
198
187
182
188
175
135
90
57
29
40
84
141
155
112
56
26
0
19
12
36
48
27
36
37
44
40
27
28
45
45
25
11
36
36
26
34
39
33
36
25
42
21
54
28
40
37
29
41
40
36
35
28
19
27
36
29
43
46
38
42
49
23
90
131
105
20
71
63
188
251
117
120
211
196
224
226
200
192
183
168
174
187
138
189
164
113
126
100
57
13
88
92
150
159
97
113
255
177
115
95
75
177
180
204
209
235
255
196
89
89
107
79
181
204
245
233
255
187
8
9
38
35
36
35
22
9
18
37
39
36
24
37
37
26
36
26
21
33
31
25
31
35
35
39
29
35
35
33
30
31
42
46
53
40
56
162
226
184
209
225
234
232
231
217
182
139
84
32
9
34
43
39
35
31
79
163
89
0
55
44
117
227
124
83
197
248
203
132
210
231
211
221
211
212
176
153
98
127
110
77
96
100
108
37
108
100
24
207
186
71
143
101
57
98
140
236
157
238
255
240
120
81
69
93
247
244
248
202
220
166
23
51
17
24
29
29
28
29
27
22
28
21
22
37
36
34
40
25
22
34
32
25
27
26
26
33
31
33
38
34
30
34
40
51
30
118
231
255
242
251
231
255
255
248
246
248
249
255
255
249
189
88
9
11
32
19
29
134
95
35
57
66
202
235
122
99
183
198
134
129
108
187
193
207
198
188
214
135
117
93
82
95
75
231
243
66
35
97
132
81
75
155
113
89
79
97
154
190
209
173
255
246
198
92
47
112
212
173
123
88
59
36
27
23
33
35
28
18
23
39
43
36
32
27
27
26
17
22
36
38
39
36
27
31
43
39
26
25
44
30
34
35
38
41
34
46
97
231
250
247
238
255
255
219
250
245
255
255
254
246
247
246
248
252
203
93
29
23
39
106
70
27
50
38
243
215
121
59
200
219
173
171
155
197
201
204
200
206
188
119
128
115
87
88
228
235
209
74
47
41
107
115
47
86
58
102
58
81
203
147
252
173
225
255
223
133
93
70
54
39
30
44
24
20
45
14
20
29
36
36
33
29
22
16
26
32
41
39
34
31
26
28
25
30
29
26
21
21
52
99
52
28
34
35
38
43
44
74
237
253
255
249
251
249
227
255
251
227
228
247
250
247
255
255
253
241
255
255
211
99
45
87
63
20
69
22
201
205
155
40
191
231
222
186
226
210
216
194
200
209
194
160
109
78
70
159
255
209
141
36
32
83
37
52
83
66
138
136
65
23
107
155
189
254
211
248
241
163
99
66
35
25
30
18
20
33
23
25
37
23
16
24
31
32
32
35
31
29
27
21
32
38
27
30
34
28
25
33
37
24
31
60
50
27
37
34
29
39
62
120
240
255
239
209
248
250
253
245
208
172
176
222
252
254
248
243
255
250
254
241
246
181
82
7
47
18
69
21
157
190
140
53
181
215
227
237
229
209
226
219
215
156
199
150
144
84
82
189
211
180
43
52
31
145
65
25
45
66
136
105
63
47
35
113
204
204
226
245
255
206
121
44
29
29
31
33
19
34
21
34
26
27
28
29
29
29
29
28
29
28
28
28
28
29
30
31
28
28
29
31
35
36
30
23
42
20
36
31
38
56
37
181
245
249
221
166
210
162
200
164
146
210
215
232
238
255
255
239
236
202
137
55
48
55
116
97
17
18
87
27
58
192
161
46
179
224
220
228
231
230
211
225
211
108
154
178
161
106
122
139
209
76
37
26
102
159
12
57
15
50
64
73
79
60
54
40
82
208
176
222
250
255
142
56
30
28
27
28
18
36
21
30
26
27
28
29
29
29
29
28
29
29
28
28
29
29
30
31
31
32
33
35
36
36
33
30
21
29
51
32
9
27
53
196
252
238
226
222
237
152
187
208
214
198
165
217
250
253
247
255
222
165
120
70
53
108
83
82
73
16
41
47
37
122
166
2
158
228
229
220
217
232
217
210
225
186
51
121
155
118
43
178
160
32
30
51
142
19
98
123
73
59
36
58
83
70
61
53
13
131
199
225
255
239
196
110
18
20
24
32
28
44
17
12
27
27
28
29
29
29
29
29
29
29
28
28
29
30
31
31
33
35
36
35
32
31
33
37
38
23
22
56
105
147
140
162
208
223
205
179
147
78
81
79
90
156
190
239
252
252
244
254
237
255
169
115
89
32
222
236
173
38
85
110
5
52
179
42
148
221
228
231
224
233
224
216
201
187
152
72
49
41
142
148
45
21
36
95
36
110
119
103
130
94
39
47
70
68
53
38
52
80
135
157
252
255
252
124
50
61
78
97
99
110
62
37
27
28
29
29
30
30
29
29
30
29
29
29
29
30
31
32
31
33
35
32
25
22
29
39
68
112
140
160
149
137
133
110
143
201
187
152
122
131
116
68
100
174
171
152
176
246
255
254
255
250
255
174
65
38
81
173
232
112
159
101
25
45
118
156
134
176
186
232
228
206
203
215
208
181
183
188
187
183
162
55
9
26
110
26
128
176
75
115
101
98
50
42
55
77
68
45
88
99
94
106
191
248
255
150