112
92
49
47
43
41
43
47
52
56
83
108
133
139
133
138
162
186
175
188
187
193
205
192
177
188
212
121
117
173
133
114
179
185
185
164
168
141
125
145
147
161
214
161
210
162
173
209
176
191
168
191
180
181
187
178
182
180
202
152
8
104
22
2
51
49
21
6
0
6
11
6
2
4
52
86
160
205
190
175
184
183
187
170
181
188
170
179
193
178
157
160
176
134
184
142
164
178
178
144
161
171
180
176
187
158
169
171
176
180
181
180
177
175
228
231
237
241
243
241
239
237
242
242
239
232
221
213
209
208
217
221
213
214
226
218
209
219
234
235
235
240
227
238
255
225
233
226
232
214
192
187
177
170
178
127
205
88
96
151
212
166
194
172
186
182
174
184
188
207
152
61
12
36
0
47
16
62
113
107
120
154
174
154
112
80
0
31
54
133
188
221
177
168
188
173
184
190
174
181
193
179
172
172
175
139
175
135
141
148
171
172
133
188
136
218
192
185
163
165
169
175
181
186
189
190
195
192
188
184
182
181
182
183
177
175
175
181
189
194
193
190
174
173
163
160
165
158
150
156
133
154
135
123
128
122
115
104
89
95
94
93
74
61
60
42
49
36
42
37
125
68
174
199
174
172
186
171
184
199
131
65
0
0
26
97
130
186
165
174
194
189
186
183
176
172
184
200
185
73
0
35
108
181
191
175
183
171
181
186
173
177
185
173
175
178
178
168
198
180
179
187
199
164
181
178
172
135
144
133
158
158
159
162
163
162
159
156
21
16
8
0
0
0
2
4
0
1
4
1
0
0
0
0
0
3
3
3
3
0
0
0
4
1
0
0
7
0
0
14
5
12
0
6
0
0
23
10
16
6
21
0
11
96
149
123
173
187
166
194
107
4
37
0
61
164
197
225
208
179
201
195
186
181
182
191
196
189
178
171
173
239
190
6
22
122
202
166
170
163
170
174
165
167
171
163
157
160
153
153
164
157
151
159
155
148
165
175
133
89
80
90
89
93
100
109
116
116
110
105
0
0
0
2
3
2
0
0
2
11
19
21
19
20
27
35
23
29
39
42
39
42
49
52
52
55
64
64
65
73
73
69
65
74
66
83
91
105
144
138
162
149
113
168
167
195
232
224
227
228
241
214
250
180
4
35
113
118
122
60
71
90
61
66
76
66
56
55
59
64
69
73
78
42
91
64
52
86
158
96
94
92
96
98
94
94
95
91
84
85
76
77
70
67
61
71
36
80
65
80
23
72
54
58
85
85
86
90
93
91
84
78
211
211
212
212
214
215
216
216
220
218
216
217
219
219
216
213
225
224
231
229
219
228
242
242
242
234
253
245
230
245
245
232
255
255
248
246
234
230
236
222
246
250
255
240
255
255
203
242
230
233
240
251
237
248
234
124
106
110
145
76
78
102
81
116
117
129
140
139
129
127
137
150
180
162
167
195
178
175
171
171
177
179
179
180
181
181
180
180
182
180
179
182
177
177
180
187
175
177
167
130
127
122
117
94
74
68
62
61
65
67
65
61
229
223
215
209
207
209
215
218
218
214
213
217
223
226
223
219
222
213
215
211
200
208
217
206
219
202
217
215
212
221
219
235
214
209
222
220
217
227
224
218
212
207
215
223
202
216
245
227
224
203
209
242
236
239
249
193
110
130
146
152
173
166
165
156
174
164
156
160
174
183
180
172
160
154
159
190
154
172
171
169
165
169
167
166
171
171
169
174
179
168
171
170
170
163
167
162
170
168
157
182
182
185
168
179
172
158
137
117
99
80
59
46
225
225
226
227
226
224
222
220
218
221
222
220
216
213
213
214
221
210
216
219
213
223
224
201
206
216
225
203
209
217
194
207
216
199
212
197
191
209
201
205
202
220
200
220
221
223
198
223
219
233
222
210
250
241
159
125
152
147
140
139
142
135
148
155
138
144
148
146
142
143
145
147
144
157
139
136
162
145
130
162
155
160
155
154
161
161
160
167
170
154
165
167
179
172
178
165
170
190
179
182
167
178
167
176
172
169
168
170
170
162
147
134
194
194
194
194
194
194
194
194
193
198
198
193
193
198
198
193
199
198
197
196
196
197
198
199
213
213
212
210
208
207
208
210
209
209
208
206
203
201
199
198
196
205
215
222
223
224
227
229
209
229
250
235
178
122
116
139
127
128
130
132
132
132
131
130
131
131
130
129
129
128
127
127
128
128
128
127
127
127
126
126
125
124
125
126
128
131
134
136
139
141
143
147
150
154
157
158
157
158
160
163
167
171
174
176
180
178
175
173
171
169
165
162
237
237
237
237
237
237
237
237
236
240
240
236
236
240
240
236
238
237
238
239
240
243
245
247
232
237
244
249
250
247
244
242
241
235
229
229
234
236
234
230
241
237
233
231
231
232
232
232
252
230
182
129
106
114
119
114
116
117
119
121
122
122
121
120
124
123
122
121
119
118
117
116
114
113
113
113
112
112
112
112
111
110
110
111
113
115
117
119
121
122
124
127
130
133
135
136
143
145
147
150
154
159
162
164
168
170
172
175
177
179
180
181
239
239
239
239
239
239
239
239
238
241
241
238
238
241
241
238
240
240
239
238
238
239
240
240
244
241
236
231
229
229
230
232
234
233
233
233
234
232
229
226
232
230
234
245
252
239
210
184
117
103
96
104
113
114
115
118
109
111
113
115
117
117
117
117
120
119
118
116
114
113
111
111
108
108
108
107
107
106
106
106
103
103
103
103
104
105
107
108
104
104
106
107
109
111
112
113
121
122
125
128
132
137
141
143
145
150
157
163
167
172
179
185
235
235
235
235
235
235
235
235
234
235
235
234
234
235
235
234
237
236
236
235
235
235
235
235
237
239
242
245
245
241
236
231
225
230
233
230
225
227
238
248
249
245
224
177
122
82
71
74
97
93
103
118
109
85
84
102
105
107
109
112
114
115
115
114
114
114
113
112
111
110
109
109
110
110
110
109
109
108
108
108
103
103
103
103
103
103
103
103
99
100
100
101
101
102
102
103
103
103
105
107
110
113
116
118
117
124
132
137
140
145
154
162
240
240
240
240
240
240
240
240
240
239
239
240
240
239
239
240
239
240
241
243
244
246
246
247
241
236
229
226
227
229
230
231
240
231
228
242
255
253
223
194
139
101
64
60
85
108
110
100
96
101
96
83
84
99
107
103
96
98
100
103
105
106
106
106
104
104
104
104
105
105
105
105
106
106
106
105
105
104
104
104
101
101
101
101
100
100
99
99
99
99
99
99
99
98
98
98
95
95
95
96
97
99
100
101
99
105
112
115
117
122
131
138
236
236
236
236
236
236
236
236
237
234
234
237
237
234
234
237
237
237
237
237
235
234
232
231
237
232
227
227
231
236
239
239
241
249
242
203
146
101
85
88
82
91
100
100
94
90
91
95
91
91
91
91
88
85
81
79
92
93
96
98
100
100
100
99
99
99
100
101
102
103
104
104
102
101
101
101
100
100
100
100
100
100
100
100
100
99
98
97
96
96
96
95
94
94
93
93
95
94
93
93
93
93
94
94
93
97
102
106
109
115
123
129
239
239
239
239
239
239
239
239
240
236
236
240
240
236
236
240
238
238
238
237
235
233
230
229
227
234
247
255
255
243
219
202
164
124
78
60
72
89
93
88
86
89
92
93
93
91
89
89
88
77
82
98
94
78
88
115
92
93
95
97
98
98
97
97
97
97
98
98
99
100
100
101
100
100
99
99
99
98
98
98
98
98
99
100
99
98
97
96
94
94
93
92
91
91
90
90
92
91
90
90
90
90
91
91
92
93
96
100
105
111
117
121
237
237
237
237
237
237
237
237
238
233
233
238
238
233
233
238
227
230
234
238
241
244
245
245
249
228
195
160
128
99
74
59
60
74
91
100
99
94
91
91
93
91
89
87
85
83
81
79
81
83
80
74
76
84
87
83
89
91
92
94
94
94
93
92
91
91
91
91
91
91
91
91
97
97
96
96
96
95
95
95
92
92
94
95
94
93
92
91
95
94
94
93
92
91
91
90
86
86
86
86
86
87
88
89
91
90
90
93
99
105
109
111
229
229
230
231
233
234
235
236
231
234
239
245
249
249
246
243
255
250
245
241
229
198
155
123
81
72
62
57
61
71
81
88
93
90
88
87
90
92
93
93
90
87
83
79
77
77
78
79
79
77
76
79
83
84
83
81
93
96
95
89
87
89
91
90
89
89
89
89
90
92
93
94
91
91
92
93
92
90
89
88
94
94
95
94
92
91
91
92
89
89
88
87
88
89
91
92
89
89
87
86
84
83
81
81
83
84
86
87
91
97
105
110
251
250
247
244
240
237
234
233
240
237
233
228
220
210
199
192
150
127
94
69
58
57
59
60
77
79
80
79
77
79
83
87
84
83
83
84
87
88
87
86
83
80
76
73
71
71
72
73
69
68
68
73
81
88
92
93
87
91
92
88
88
92
95
95
92
91
90
90
90
90
90
90
87
88
89
90
90
89
88
87
90
87
84
85
88
88
86
83
91
89
85
81
78
76
75
74
78
78
79
80
81
82
82
83
78
80
82
84
89
96
105
111
112
110
107
103
99
95
92
91
75
75
76
77
76
73
68
64
54
60
70
77
79
73
64
58
61
68
76
77
73
70
73
77
85
85
86
89
91
90
87
84
78
76
73
71
69
70
71
72
76
74
71
71
75
79
82
83
91
94
92
85
81
81
81
79
82
82
82
83
84
85
85
85
84
85
85
85
85
84
83
82
86
80
76
77
81
83
78
73
71
71
72
73
75
77
79
81
74
74
74
73
73
72
72
71
77
78
79
81
83
89
96
101
78
78
78
78
78
79
79
79
80
80
81
82
83
82
79
76
79
72
63
57
58
65
75
82
63
66
70
70
69
71
77
83
80
79
78
78
78
76
72
69
68
66
64
63
62
63
64
65
70
70
71
74
78
83
87
89
79
84
86
84
84
88
90
90
82
83
83
83
83
83
83
82
86
85
85
84
82
81
80
79
87
84
81
82
84
84
81
78
87
86
84
82
80
78
77
76
79
79
79
78
78
78
77
77
63
65
68
71
75
81
89
94
78
79
79
80
81
82
83
83
80
79
76
75
74
72
68
65
64
63
63
65
66
63
57
51
64
63
62
63
66
70
73
75
83
80
75
72
70
68
66
64
71
70
69
69
69
71
72
73
80
82
85
86
87
87
87
86
81
86
87
84
83
85
86
84
75
75
76
76
75
74
73
72
62
62
62
61
61
61
61
61
49
53
56
56
55
55
58
61
47
47
48
48
49
49
49
49
44
45
48
51
55
58
61
63
55
58
64
70
77
86
95
101
84
83
82
80
77
75
74
73
73
71
69
70
71
71
69
68
73
69
65
65
69
73
75
75
70
70
72
76
79
80
76
72
73
69
65
61
61
60
60
59
48
48
49
50
51
52
54
55
48
52
57
59
59
57
56
56
54
59
60
57
55
56
56
54
57
60
65
70
75
78
80
81
96
96
97
98
100
102
105
106
110
117
124
125
123
124
131
138
155
158
164
171
177
183
187
189
197
198
200
202
205
207
209
210
221
223
226
229
232
237
243
247
60
60
60
59
58
58
57
57
52
49
45
43
42
40
38
36
32
34
36
35
33
31
32
33
30
34
41
46
49
48
46
45
58
56
56
57
60
62
62
61
84
84
85
87
89
91
92
93
111
118
127
136
142
149
155
160
170
178
185
189
194
202
207
207
207
210
216
223
228
232
235
236
236
236
236
237
238
240
242
244
236
239
243
244
243
244
248
251
239
239
240
240
240
238
237
236
231
230
230
229
227
226
225
225
217
218
218
216
215
215
217
219
68
70
73
78
83
87
91
92
101
101
101
105
111
116
119
120
121
130
139
142
144
152
166
178
174
182
191
195
195
198
205
211
214
216
220
226
232
235
236
235
235
236
238
240
242
244
246
247
241
243
244
242
238
237
239
241
236
240
241
237
233
232
231
227
222
223
223
223
222
219
216
214
218
216
214
213
212
212
213
213
216
215
213
212
212
211
210
208
213
213
215
216
215
214
213
212
215
215
215
215
215
215
215
215
213
215
217
217
218
219
223
225
238
238
238
238
238
239
239
239
240
240
240
240
240
240
240
240
237
236
235
235
234
235
235
235
229
229
230
230
229
227
225
224
216
216
216
215
215
214
214
214
210
209
208
208
208
210
211
212
211
212
213
213
214
213
213
212
214
215
215
216
216
217
217
218
216
216
216
217
217
218
218
218
220
220
220
220
220
220
220
220
220
220
220
219
219
218
218
218
216
217
217
217
217
217
217
217
217
216
215
214
213
212
212
212
214
213
212
212
215
219
223
226
212
212
212
212
212
212
211
211
208
208
208
208
208
208
208
208
208
208
208
207
208
208
208
209
217
217
218
217
217
215
213
212
216
216
216
215
215
214
214
214
217
217
216
216
216
217
219
220
217
217
218
218
218
217
216
216
217
217
217
217
217
218
218
218
216
216
216
217
217
218
218
218
219
219
219
219
219
219
219
219
220
220
220
219
219
218
218
218
217
217
217
217
217
218
218
218
217
216
215
214
213
212
212
213
214
213
213
214
216
220
225
227
218
218
217
216
216
215
215
214
210
210
210
210
210
210
210
210
211
211
212
212
213
213
214
214
214
214
215
214
214
212
211
210
216
216
215
215
215
215
214
214
218
217
217
217
217
218
219
219
221
221
221
221
220
219
218
217
219
219
219
219
218
218
218
218
217
217
217
217
218
218
218
218
219
219
219
219
219
219
219
219
220
220
220
219
219
218
218
218
218
218
218
218
218
218
218
218
217
216
215
214
213
213
213
213
214
214
214
216
219
223
227
230
219
218
218
217
216
215
214
213
213
213
213
213
213
213
213
213
211
212
213
214
216
216
217
217
218
218
218
218
217
217
216
216
215
215
215
215
215
215
215
215
215
215
215
215
215
215
216
216
220
220
220
220
219
217
216
215
220
220
219
219
218
218
217
217
218
218
218
218
218
218
218
218
218
218
218
218
218
218
218
218
220
220
220
219
219
218
218
218
219
219
219
218
218
218
218
218
216
215
214
213
213
213
213
213
215
215
216
218
221
226
230
232
213
212
212
211
210
209
208
208
211
211
211
211
211
211
211
211
208
209
211
212
213
214
213
213
216
216
215
215
214
214
214
214
215
215
215
215
215
215
215
215
219
219
219
219
219
219
218
218
220
220
220
219
218
217
215
214
219
219
218
218
217
217
216
216
218
218
218
218
218
218
218
218
218
218
218
218
218
218
218
218
220
220
220
219
219
218
218
218
219
219
219
218
218
217
217
217
216
215
214
213
213
213
214
214
215
216
217
220
223
227
231
233
215
215
214
214
213
213
212
212
215
215
215
215
215
215
215
215
214
215
217
218
219
219
218
217
214
213
212
212
212
212
213
213
214
214
215
215
215
215
216
216
219
220
220
221
220
219
219
218
220
221
221
221
220
219
218
217
218
218
218
218
217
217
217
217
219
219
219
219
218
218
218
218
219
219
219
219
219
219
219
219
220
220
220
219
219
218
218
218
219
218
218
217
217
216
215
215
215
215
214
213
213
214
214
215
216
217
218
221
224
227
230
232
210
209
209
209
209
209
209
209
210
210
210
210
210
210
210
210
210
212
214
215
215
214
212
211
215
214
213
212
212
213
214
215
214
214
214
215
215
216
216
216
218
218
219
220
219
218
216
215
220
220
221
221
221
220
220
219
218
218
218
219
219
219
219
219
220
220
220
219
219
218
218
218
219
219
219
219
219
219
219
219
220
220
220
219
219
218
218
218
218
218
217
216
215
214
214
213
215
214
214
213
213
214
214
215
217
218
219
222
224
227
229
230
212
212
213
213
213
213
213
213
214
214
214
214
214
214
214
214
214
216
217
219
218
217
215
213
214
213
212
211
212
213
214
215
214
214
214
215
215
216
216
216
220
221
222
222
221
220
218
217
217
218
219
220
220
219
219
219
218
219
219
220
220
221
221
222
220
220
220
219
219
218
218
218
220
220
220
220
220
220
220
220
220
220
220
219
219
218
218
218
217
217
216
215
214
213
213
212
214
214
213
213
213
214
215
215
217
218
220
222
224
226
228
229
210
209
209
209
209
210
211
212
209
210
210
211
212
213
214
214
214
215
216
216
215
214
212
211
212
213
214
214
215
215
215
214
212
213
214
214
215
216
217
217
220
219
219
218
218
219
219
220
220
220
220
220
220
220
220
220
220
220
220
219
219
218
218
218
221
220
218
217
217
218
220
221
219
219
219
219
219
219
219
219
219
219
218
217
217
217
218
218
217
216
215
214
213
213
213
213
215
215
214
214
215
217
219
220
219
219
220
222
224
227
230
231
210
210
209
209
210
210
211
212
210
211
211
212
213
214
215
215
215
215
215
215
214
214
213
212
213
213
214
215
215
215
214
214
213
213
214
215
216
217
217
217
220
219
219
218
218
219
219
220
220
220
220
220
220
220
220
220
220
220
220
219
219
218
218
218
220
220
218
218
218
218
220
220
219
219
219
219
219
219
219
219
220
219
218
217
217
217
217
217
216
215
214
213
212
212
213
213
215
214
215
215
216
217
218
219
219
219
220
222
224
227
230
231
210
210
209
209
210
211
212
212
212
212
213
214
214
215
215
216
216
215
214
213
213
213
214
214
215
215
215
215
214
214
214
214
214
214
215
215
216
217
217
218
220
219
219
218
218
219
219
220
220
220
220
220
220
220
220
220
220
220
220
219
219
218
218
218
220
219
219
218
218
219
219
220
219
219
219
219
219
219
219
219
221
220
218
217
216
215
215
215
214
214
213
212
212
212
213
213
214
215
216
217
217
218
218
218
219
219
220
222
224
227
230
231
211
210
210
210
210
211
212
213
214
214
214
215
215
216
216
216
216
215
213
212
212
213
214
215
216
216
215
214
214
214
214
214
215
215
216
216
217
217
218
218
220
219
219
218
218
219
219
220
220
220
220
220
220
220
220
220
220
220
220
219
219
218
218
218
219
219
219
219
219
219
219
219
219
219
219
219
219
219
219
219
221
220
218
216
215
214
214
214
213
213
212
212
212
213
213
214
214
215
217
218
219
218
217
216
219
219
220
222
224
227
230
231
211
211
210
210
211
211
212
213
215
215
215
215
216
216
216
216
215
214
213
212
212
213
215
216
217
216
215
214
214
215
215
216
217
217
217
217
218
218
218
218
220
219
219
218
218
219
219
220
220
220
220
220
220
220
220
220
220
220
220
219
219
218
218
218
219
219
219
219
219
219
219
219
219
219
219
219
219
219
219
219
220
219
217
215
214
213
213
213
212
212
212
212
213
214
215
215
215
216
217
219
219
218
217
216
219
219
220
222
224
227
230
231
211
211
211
211
211
212
213
213
215
215
215
215
215
215
215
215
214
214
213
213
213
214
215
216
216
215
214
214
214
216
217
219
218
218
218
218
218
218
218
218
220
219
219
218
218
219
219
220
220
220
220
220
220
220
220
220
220
220
220
219
219
218
218
218
218
219
219
220
220
219
219
218
219
219
219
219
219
219
219
219
218
217
216
215
213
213
213
213
212
212
212
213
214
215
217
218
217
217
218
218
218
218
217
217
219
219
220
222
224
227
230
231
212
211
211
211
211
212
213
214
215
215
215
214
214
214
214
214
212
213
214
214
215
215
215
215
215
214
213
213
214
217
219
221
219
219
219
219
219
219
219
219
220
219
219
218
218
219
219
220
220
220
220
220
220
220
220
220
220
220
220
219
219
218
218
218
218
218
220
220
220
220
218
218
219
219
219
219
219
219
219
219
216
216
215
214
213
213
213
214
213
213
213
214
215
217
219
220
219
218
218
217
217
217
218
218
219
219
220
222
224
227
230
231
212
211
211
211
211
212
213
214
214
214
214
214
214
214
214
213
211
212
214
215
216
216
215
214
214
214
213
213
214
217
220
223
219
219
219
219
219
219
219
219
220
219
219
218
218
219
219
220
220
220
220
220
220
220
220
220
220
220
220
219
219
218
218
218
217
218
220
221
221
220
218
217
219
219
219
219
219
219
219
219
215
215
214
213
213
213
214
214
213
213
214
215
216
218
220
221
220
219
218
216
216
217
218
219
219
219
220
222
224
227
230
231
210
209
209
209
210
212
215
217
218
216
214
211
211
211
213
214
212
216
218
216
216
217
216
211
207
218
224
220
219
223
220
211
218
218
218
219
221
221
219
218
218
218
218
219
219
220
220
220
220
220
220
220
220
220
220
220
220
220
220
219
219
218
218
218
219
219
219
219
219
219
219
219
222
221
219
218
217
216
216
217
218
216
215
213
212
212
213
214
215
216
217
218
219
220
220
220
216
216
216
217
217
218
218
218
219
219
219
220
223
227
232
234
208
209
211
212
214
215
216
216
214
213
211
210
210
211
213
214
214
217
216
213
213
217
217
215
221
202
201
220
225
212
214
230
217
217
217
218
219
220
219
219
218
218
218
219
219
220
220
220
220
220
220
220
220
220
220
220
220
220
220
219
219
219
218
218
219
219
219
219
219
219
219
219
220
219
218
217
216
216
216
216
216
215
214
213
212
213
214
214
215
216
217
218
219
220
220
220
216
216
216
217
217
218
218
218
219
219
219
220
223
227
231
234
206
208
211
213
215
214
213
212
209
208
207
207
208
210
212
214
214
216
214
209
209
214
216
214
203
222
226
211
211
227
225
206
217
217
217
217
217
218
219
220
218
218
218
219
219
220
220
220
220
220
220
220
220
220
220
220
220
220
220
220
219
219
219
218
219
219
219
219
219
218
218
218
218
218
216
215
215
214
214
215
213
213
212
212
213
213
214
215
216
216
218
219
220
220
220
219
217
217
217
217
218
218
218
218
219
219
219
220
223
227
231
234
210
210
212
212
213
212
211
210
213
213
212
213
213
215
216
217
217
219
217
213
212
215
216
213
227
210
201
210
219
218
216
219
220
220
219
218
217
217
219
220
218
218
218
219
219
220
220
220
220
220
220
220
220
220
220
220
221
221
220
220
220
219
219
219
219
219
219
218
218
218
218
217
216
216
215
214
213
213
213
214
211
212
212
213
214
215
216
216
217
217
218
219
220
220
220
219
218
218
218
218
218
218
218
218
220
219
219
220
223
227
231
233
215
214
212
211
210
210
210
211
215
215
215
214
214
215
215
215
214
217
217
214
212
213
210
206
208
213
223
226
214
203
212
231
220
222
222
220
218
217
218
220
218
218
218
219
219
220
220
220
220
220
220
220
220
220
220
220
221
221
221
220
220
220
219
219
219
219
219
218
218
217
217
216
215
214
214
213
212
213
213
214
211
212
213
214
215
216
217
217
218
218
219
220
220
220
220
219
218
218
218
218
218
218
218
218
220
220
220
220
223
226
230
232
149
147
145
143
142
143
145
146
124
124
124
123
123
123
123
123
104
108
110
107
106
107
104
99
81
87
81
79
115
172
202
199
216
219
222
222
219
217
218
221
218
218
218
219
219
220
220
220
220
220
220
220
220
220
220
220
222
221
221
221
220
220
220
220
219
219
218
218
217
216
216
216
214
214
213
213
212
213
213
214
212
213
215
216
217
218
217
217
219
219
220
220
220
220
219
219
219
219
219
219
218
218
218
218
221
220
220
220
223
226
230
232
57
57
58
59
60
61
62
63
76
77
78
79
80
80
80
80
98
101
102
100
101
105
105
102
126
120
115
98
63
50
100
166
206
212
218
221
219
218
220
222
218
218
218
219
219
220
220
220
220
220
220
220
220
220
220
220
222
222
221
221
221
220
220
220
219
219
218
218
217
216
215
215
214
214
213
213
213
213
214
215
214
215
217
218
219
219
218
217
219
220
220
221
221
220
219
219
220
220
220
219
219
218
218
218
221
221
220
221
223
226
229
231
184
186
190
193
196
198
198
198
201
202
204
206
208
209
209
210
203
205
206
204
206
213
216
216
205
201
198
201
200
164
86
15
197
205
215
219
219
218
221
224
218
218
218
219
219
220
220
220
220
220
220
220
220
220
220
220
222
222
222
221
221
220
220
220
219
219
218
217
216
216
215
214
214
214
213
213
213
214
215
215
216
217
218
220
220
219
218
218
220
220
221
221
221
220
219
219
220
220
220
219
219
218
218
218
222
221
220
221
223
226
229
231
202
202
202
202
202
202
202
202
204
203
201
200
200
201
203
204
209
193
202
212
199
194
202
199
214
211
204
199
189
189
179
25
18
199
221
217
218
225
210
224
218
218
218
219
219
220
220
220
220
220
220
220
220
220
220
220
220
220
220
220
220
219
219
219
223
220
217
216
216
216
214
213
217
218
218
216
214
212
212
213
217
217
217
217
217
217
217
217
214
215
217
219
220
221
221
221
222
220
221
223
218
212
216
225
221
223
225
224
223
224
229
233
204
204
204
204
204
204
204
204
208
207
207
206
206
207
207
208
210
203
206
212
214
217
215
204
205
207
207
209
201
199
185
28
3
116
223
214
215
223
215
212
218
218
219
219
219
220
220
220
220
220
220
220
220
220
220
220
222
222
222
221
221
221
220
220
222
220
217
215
215
213
211
209
210
212
215
216
217
218
221
223
219
219
219
219
219
219
219
219
215
216
217
217
217
217
217
217
215
211
215
225
231
226
218
215
220
222
223
223
223
225
229
233
211
211
211
211
211
211
211
211
209
210
210
211
211
210
210
209
202
218
220
207
202
204
213
226
206
209
211
214
208
206
193
36
8
37
227
215
215
223
227
211
218
219
219
219
220
220
220
220
220
220
220
220
220
220
220
220
222
222
221
221
220
220
219
219
218
217
216
217
219
219
217
215
212
214
216
216
215
215
217
219
219
219
219
219
219
219
219
219
221
220
220
220
219
219
218
218
226
218
212
212
215
216
218
221
219
220
221
222
223
225
229
232
204
204
204
204
204
204
204
204
205
206
208
209
209
208
206
205
205
213
206
207
224
221
206
210
216
216
213
212
206
208
199
45
25
13
218
218
216
218
231
218
219
219
219
220
220
220
221
221
221
221
221
221
221
221
221
221
221
220
220
219
218
218
217
217
213
212
212
214
216
216
214
212
217
219
220
219
218
217
218
220
215
215
215
215
215
215
215
215
219
219
218
218
217
217
217
218
213
219
227
227
221
214
214
217
219
219
220
221
223
226
229
232
230
230
230
230
230
230
230
230
225
226
228
229
229
228
226
225
238
239
227
224
230
216
208
225
216
216
213
213
208
211
204
51
26
25
195
221
220
210
222
219
219
219
220
220
220
221
221
221
221
221
221
221
221
221
221
221
222
221
221
220
219
218
217
217
220
219
218
218
220
219
218
216
213
215
218
220
221
223
225
228
225
225
225
225
225
225
225
225
225
224
224
223
224
225
226
227
216
219
221
220
218
217
218
219
221
220
220
221
224
227
229
231
148
148
148
148
148
148
148
148
147
147
148
148
148
148
147
147
121
139
165
197
223
224
216
218
207
210
213
218
215
217
208
53
16
39
185
227
231
214
217
218
220
220
220
220
221
221
221
222
222
222
222
222
222
222
222
222
224
223
222
221
220
219
218
218
215
214
214
216
220
224
225
225
233
235
236
236
234
234
235
237
235
235
235
235
235
235
235
235
235
234
233
233
233
235
237
238
241
236
230
230
238
243
238
228
224
222
221
222
225
228
229
230
212
212
212
212
212
212
212
212
224
224
223
223
223
223
224
224
241
206
164
147
172
219
235
217
209
212
213
217
214
218
211
57
18
37
195
224
231
219
223
219
220
220
220
221
221
221
222
222
222
222
222
222
222
222
222
222
221
221
220
219
217
216
215
215
235
232
228
226
227
229
229
229
214
214
213
209
204
201
200
200
191
191
191
191
191
191
191
191
193
192
190
188
188
189
190
191
192
201
209
215
224
233
234
230
227
225
222
223
226
229
229
229
230
230
230
230
230
230
230
230
225
224
223
222
222
223
224
225
226
251
255
205
162
187
223
218
221
219
213
212
207
214
212
62
25
25
205
212
219
216
226
218
220
220
220
221
221
222
222
222
222
222
222
222
222
222
222
222
217
217
216
214
213
212
211
210
176
168
155
143
133
126
120
117
115
115
116
114
111
109
109
110
117
117
117
117
117
117
117
117
116
114
111
108
107
107
108
109
110
111
98
80
86
133
200
248
230
226
223
224
227
230
229
228
115
117
116
110
107
105
101
96
72
68
61
54
48
46
45
45
53
92
206
250
223
146
228
217
217
223
216
212
212
217
214
72
21
35
198
221
217
219
221
220
220
220
220
220
220
220
220
220
222
222
221
221
221
221
221
221
211
220
214
215
209
221
159
135
149
153
152
166
189
186
182
202
202
200
200
203
208
212
211
210
213
214
214
215
216
217
217
217
212
217
223
227
224
219
217
219
217
205
236
191
160
111
83
222
238
228
222
224
226
226
229
234
4
7
8
5
5
7
5
1
23
22
21
19
17
15
14
14
0
12
36
221
229
195
175
237
217
223
216
213
214
218
212
69
22
35
198
221
218
219
221
221
220
220
220
220
220
220
220
220
222
222
221
221
220
220
219
219
236
192
231
180
239
203
206
207
209
214
204
192
194
195
190
187
185
182
178
176
175
172
168
165
163
160
156
151
145
140
136
134
135
129
122
115
109
103
99
98
89
96
119
223
226
196
154
136
240
230
225
228
232
230
228
229
20
24
26
25
26
30
30
27
17
19
22
24
24
23
20
19
23
30
0
129
245
219
169
225
217
224
217
215
215
218
210
65
24
35
197
222
220
220
221
221
220
220
220
220
220
220
220
220
223
222
221
220
219
218
217
217
214
215
192
197
227
186
226
214
239
176
106
67
60
72
74
63
64
62
60
60
60
60
58
56
48
50
53
56
60
64
67
68
73
68
64
65
71
76
77
76
56
58
27
81
206
208
188
107
250
238
226
224
226
228
230
233
20
24
24
22
23
26
26
23
22
24
26
28
28
26
23
21
30
40
13
43
245
213
198
223
218
224
217
216
217
218
208
61
26
34
196
223
221
220
221
222
220
220
220
220
220
220
220
220
222
222
221
219
218
217
216
215
213
218
195
192
179
219
200
218
207
132
95
115
131
139
145
142
145
146
148
151
155
158
160
161
171
172
174
177
180
183
185
186
184
186
187
188
192
194
191
186
169
159
120
57
166
228
180
117
221
220
221
223
225
228
231
234
19
21
21
17
17
20
20
17
20
20
20
20
19
19
18
18
14
17
4
57
243
214
191
230
218
223
217
216
217
219
207
58
27
33
194
223
222
220
220
221
220
220
220
220
220
220
220
220
221
220
219
218
217
215
214
214
218
214
172
200
230
176
233
231
203
171
182
213
207
190
192
197
202
202
203
203
203
204
205
205
199
199
199
198
198
197
197
196
195
202
205
201
197
196
194
189
194
179
162
135
104
235
177
148
179
196
217
229
232
230
230
230
19
22
21
18
18
22
23
21
24
23
22
21
22
24
25
27
31
19
17
66
245
214
188
217
218
223
215
214
217
219
207
58
27
31
191
222
223
219
218
220
220
220
220
220
220
220
220
220
219
219
218
217
216
215
214
213
209
206
195
90
133
193
240
232
195
191
197
201
199
205
214
215
202
203
204
202
199
198
198
199
201
202
203
205
208
210
211
212
194
203
206
199
196
202
206
206
192
193
160
167
136
220
214
232
201
214
225
226
223
226
232
235
18
21
20
16
16
20
21
19
19
18
18
18
19
20
21
22
21
11
19
30
243
212
198
217
219
222
213
212
216
220
208
59
27
29
188
221
223
218
216
219
220
220
220
220
220
220
220
220
217
217
216
216
215
215
214
214
221
209
204
234
243
211
221
252
207
212
207
205
215
218
207
197
204
207
209
210
208
208
211
213
208
207
206
204
203
201
200
199
209
215
213
203
199
202
199
191
196
214
181
164
178
191
202
224
233
233
228
219
217
225
234
237
22
23
21
16
15
18
18
16
19
20
20
19
19
18
18
17
21
19
13
50
252
218
178
229
219
221
212
211
216
220
209
60
27
27
187
221
222
217
215
218
220
220
220
220
220
220
220
220
215
215
215
215
215
215
214
214
208
205
232
202
214
226
225
251
210
216
210
211
217
203
199
223
211
214
217
218
217
217
220
223
228
229
230
231
233
234
235
236
223
231
234
231
233
236
226
210
201
198
190
179
138
213
224
222
212
216
219
221
229
236
233
224
21
19
17
17
18
18
18
17
18
18
18
18
18
18
18
18
16
23
4
41
254
211
188
223
217
223
216
213
215
219
212
69
23
28
195
224
217
219
225
221
224
223
222
221
220
218
217
217
214
214
215
215
215
215
215
215
218
217
219
220
220
223
235
248
212
207
220
211
208
226
222
215
218
209
215
188
191
194
190
166
159
163
166
162
154
147
145
145
138
138
134
129
131
126
111
219
205
198
189
176
160
203
215
228
222
223
223
223
224
227
231
235
21
19
17
17
18
18
18
17
18
18
18
18
18
18
18
18
16
23
4
41
254
211
188
223
217
223
216
213
215
219
212
69
24
27
194
224
217
219
225
221
223
222
221
220
219
217
216
216
214
214
215
215
216
216
217
217
219
218
219
220
220
222
234
247
243
211
207
214
230
220
140
65
92
95
98
109
109
93
113
115
120
124
128
128
128
131
139
145
132
141
148
146
140
130
112
208
208
201
192
178
163
205
217
230
222
223
223
223
224
227
231
235
21
19
17
17
18
18
18
17
18
18
18
18
18
18
18
18
17
24
4
42
254
211
189
223
217
223
216
213
215
219
212
69
25
27
193
224
218
219
224
220
221
220
219
218
217
216
215
215
213
214
215
216
217
218
219
219
221
220
220
221
219
221
233
245
216
206
218
214
213
221
198
177
213
209
188
219
232
218
222
207
212
213
214
213
210
211
216
220
218
216
218
225
223
205
158
207
209
202
193
180
163
206
217
230
222
223
223
223
224
227
231
235
21
19
17
17
18
18
18
17
18
18
18
18
18
18
18
18
17
24
5
42
254
212
189
224
217
223
216
213
215
219
212
69
27
26
191
224
219
218
222
219
219
218
218
217
216
215
214
214
214
214
215
217
218
219
220
221
222
221
221
221
219
221
231
244
236
223
229
218
210
220
212
205
211
224
234
236
222
228
232
241
241
243
244
241
235
230
227
226
232
222
213
219
214
211
181
213
208
201
193
179
162
204
214
227
222
223
223
223
224
227
231
235
21
19
17
17
18
18
18
17
18
18
18
18
18
18
18
18
17
24
5
43
255
212
189
224
217
223
216
213
215
219
212
69
29
25
189
224
220
217
220
218
217
217
216
216
215
214
214
214
215
216
217
218
219
221
222
222
223
222
221
221
219
220
231
243
228
209
214
212
217
231
218
205
199
139
153
119
95
110
86
107
90
91
92
92
91
90
90
90
85
88
84
80
62
94
133
192
209
203
194
181
164
204
214
226
222
223
223
223
224
227
231
235
21
19
17
17
18
18
18
17
18
18
18
18
18
18
18
18
18
25
6
43
255
212
190
224
217
223
216
213
215
219
212
69
30
24
187
224
221
217
219
217
217
216
216
216
215
215
214
214
217
217
218
219
220
221
222
223
223
221
221
221
219
221
231
243
246
231
236
223
210
217
215
218
188
17
28
18
43
70
42
65
64
62
58
55
55
56
58
60
56
61
60
64
49
101
162
210
213
206
198
184
167
207
216
227
222
223
223
223
224
227
231
235
21
19
17
17
18
18
18
17
18
18
18
18
18
18
18
18
18
25
6
43
255
213
190
225
217
223
216
213
215
219
212
69
32
23
186
224
221
216
218
217
217
216
216
216
216
215
215
215
219
219
220
220
221
221
222
222
222
220
221
221
219
221
232
244
232
210
218
225
233
242
220
203
195
3
28
15
20
15
23
46
65
67
69
72
74
74
73
71
77
73
68
81
74
132
184
200
214
207
200
186
168
207
215
226
222
223
223
223
224
227
231
235
21
19
17
17
18
18
18
17
18
18
18
18
18
18
18
18
18
25
6
43
255
213
190
225
217
223
216
213
215
219
212
69
32
23
185
224
222
216
217
216
217
217
216
216
216
216
216
215
221
221
221
221
221
221
222
222
221
220
220
221
219
221
233
245
244
223
227
223
219
225
213
207
200
7
27
15
24
7
28
3
1
13
32
52
66
70
67
63
69
67
60
67
52
118
189
209
212
206
198
184
166
205
213
224
222
223
223
223
224
227
231
235
19
19
19
19
19
19
19
19
5
37
11
28
22
17
14
16
20
20
4
29
255
221
189
229
218
222
210
223
211
208
226
66
29
12
188
220
211
217
215
212
217
217
217
218
218
219
219
219
220
221
221
222
222
221
221
220
223
221
220
220
218
220
232
245
239
227
224
224
221
226
228
219
199
3
23
19
19
22
18
22
23
20
16
12
13
27
55
81
79
78
64
69
66
114
202
207
213
206
200
189
170
205
214
228
224
225
225
225
225
227
231
235
19
19
19
19
19
19
19
19
22
9
26
0
21
17
35
20
20
25
13
37
249
211
181
224
218
222
211
222
212
209
223
66
30
11
187
220
212
217
215
213
217
217
218
218
218
219
219
219
220
221
221
222
222
221
221
220
223
221
220
220
218
220
232
245
239
227
224
224
221
226
228
219
208
8
23
17
18
22
18
20
20
19
19
17
12
9
17
29
35
61
75
80
56
93
191
209
213
206
200
189
170
205
214
228
224
225
225
225
225
227
231
235
19
19
19
19
19
19
19
19
34
0
22
30
14
22
7
19
16
21
10
45
247
221
192
230
219
221
212
221
213
210
217
67
31
11
185
220
213
218
215
214
218
218
218
219
219
219
220
220
220
221
221
222
222
221
221
220
223
221
220
220
218
220
232
245
239
226
223
224
221
226
228
220
217
12
22
15
17
23
17
17
15
16
19
23
19
12
8
10
8
26
40
58
53
106
201
202
213
206
200
189
170
205
214
228
224
225
225
225
225
227
231
235
19
19
19
19
19
19
19
19
20
15
17
33
10
28
6
26
18
16
2
49
234
223
189
217
219
221
214
219
215
212
210
68
33
10
184
220
214
218
216
216
219
219
219
219
220
220
220
221
220
221
221
222
222
221
221
220
223
221
220
220
218
220
232
245
238
226
223
224
221
226
229
220
220
14
23
17
22
28
19
16
21
17
16
21
24
23
22
24
15
9
5
26
40
115
211
195
213
206
200
189
170
205
214
228
224
225
225
225
225
227
231
235
19
19
19
19
19
19
19
19
18
34
15
0
21
18
37
18
24
29
20
72
224
222
195
228
220
220
216
216
217
213
202
70
36
9
181
220
215
219
216
218
219
220
220
220
221
221
221
221
220
221
221
222
222
221
221
220
223
221
220
220
218
220
232
245
238
225
223
224
222
227
229
221
223
17
28
25
32
37
26
20
32
23
16
17
20
20
20
21
21
20
18
21
13
90
204
198
213
206
200
189
170
205
214
228
224
225
225
225
225
227
231
235
19
19
19
19
19
19
19
19
13
18
5
56
117
119
140
139
143
153
136
162
243
220
187
223
220
220
217
214
219
215
195
71
38
8
180
220
216
219
216
219
220
220
221
221
221
222
222
222
220
221
221
222
222
221
221
220
223
221
220
220
218
220
232
245
237
225
222
224
222
227
230
221
227
23
35
33
40
44
33
28
33
24
17
19
21
19
16
15
19
21
26
24
4
84
206
198
213
206
200
189
170
205
214
228
224
225
225
225
225
227
231
235
19
19
19
19
19
19
19
19
33
15
38
133
120
121
110
117
113
127
115
151
219
212
187
226
220
220
219
213
221
216
189
72
39
7
178
220
217
219
217
220
221
221
221
222
222
222
223
223
220
221
221
222
222
221
221
220
223
221
220
220
218
220
232
245
237
225
222
224
222
227
230
222
229
25
37
33
37
42
34
31
29
22
18
20
23
22
20
20
20
15
16
18
6
95
216
195
213
206
200
189
170
205
214
228
224
225
225
225
225
227
231
235
19
19
19
19
19
19
19
19
15
7
111
124
95
115
142
105
132
134
112
154
223
225
193
220
221
219
219
212
221
216
186
73
40
7
177
220
218
220
217
221
221
221
221
222
222
223
223
223
220
221
221
222
222
221
221
220
223
221
220
220
218
220
232
245
236
224
222
224
222
227
230
222
229
24
35
28
30
36
30
30
32
24
17
16
17
17
18
21
25
20
21
17
0
88
214
196
213
206
200
189
170
205
214
228
224
225
225
225
225
227
231
235
19
19
19
20
20
21
21
22
15
17
118
124
110
122
121
116
133
125
117
152
224
222
186
224
218
218
222
216
214
217
200
64
35
14
168
226
214
222
220
220
223
222
222
221
221
222
222
223
221
221
221
221
221
221
221
221
226
226
219
215
216
214
225
251
232
230
218
223
223
226
234
211
238
27
31
37
36
35
41
34
22
22
21
20
18
17
16
16
14
19
23
24
0
75
208
189
216
207
201
189
167
202
214
233
216
232
231
227
216
223
242
227
18
18
18
18
18
18
18
18
18
20
121
126
112
123
122
117
133
125
117
152
224
222
186
224
217
216
219
214
214
217
197
59
35
14
169
227
215
223
221
221
223
222
222
221
221
222
222
223
221
221
221
221
221
221
221
221
213
219
220
224
230
227
233
251
241
235
221
223
219
221
234
220
229
17
19
24
22
19
25
17
21
21
20
19
19
18
18
17
16
19
21
23
0
82
197
198
221
207
197
190
176
209
208
214
243
217
202
229
238
228
238
238
18
18
19
19
20
20
20
20
20
21
122
127
112
123
121
116
133
124
116
151
223
221
185
223
217
214
216
213
214
217
194
53
36
15
170
228
216
224
222
222
223
222
222
221
221
222
222
223
221
221
221
221
221
221
221
221
222
225
219
214
216
215
221
237
241
233
221
227
221
218
233
226
231
16
17
21
17
12
18
12
20
20
20
19
19
19
19
19
19
19
18
23
0
90
179
206
209
199
193
188
176
214
217
225
210
239
236
220
208
215
235
226
16
16
17
18
20
21
22
22
18
19
120
125
110
120
118
113
132
123
116
151
223
220
185
223
218
213
215
213
216
219
194
50
35
15
170
229
218
225
223
222
223
222
222
221
221
222
222
223
222
222
222
222
222
222
222
222
218
228
224
217
220
225
236
253
235
226
218
230
227
221
233
223
239
22
22
27
23
16
22
18
18
19
19
20
20
21
21
21
19
19
16
24
0
95
162
205
214
212
207
188
161
195
208
227
221
223
217
238
248
231
232
233
16
16
17
17
17
17
17
17
18
19
120
125
110
120
118
113
131
123
115
150
222
219
184
222
218
214
216
214
218
221
196
52
34
14
170
230
218
226
223
222
223
222
222
221
221
222
222
223
222
222
222
222
222
222
222
222
212
228
228
218
218
222
230
242
240
230
217
228
227
224
234
222
238
20
21
29
25
17
22
20
18
19
19
20
21
21
22
22
19
18
17
26
0
95
158
198
204
206
205
191
169
209
223
240
242
241
215
214
220
211
223
237
26
25
24
22
20
18
17
16
20
21
122
127
112
123
121
116
130
122
114
149
221
219
183
221
218
215
218
215
217
221
198
57
32
13
169
230
218
226
222
222
223
222
222
221
221
222
222
223
223
223
223
223
223
223
223
223
222
229
213
193
198
215
231
243
243
238
223
223
219
222
237
223
237
19
21
32
28
17
22
20
19
19
20
20
21
21
22
22
19
19
18
26
2
91
172
193
215
208
199
185
169
203
194
188
136
215
239
229
231
235
239
229
26
25
24
23
22
20
19
19
18
20
121
126
112
123
122
117
130
121
113
148
221
218
182
220
216
214
218
214
215
219
200
62
30
11
168
229
218
225
222
221
223
222
222
221
221
222
222
223
223
223
223
223
223
223
223
223
221
220
197
180
201
232
247
252
222
234
230
226
216
221
237
220
239
21
24
37
33
19
22
20
20
20
21
21
21
21
21
21
21
20
19
23
3
87
198
194
213
208
205
201
196
238
230
221
230
248
224
218
229
217
221
237
13
14
14
15
16
17
18
18
15
17
118
124
110
122
121
116
129
121
113
148
220
218
182
220
213
213
218
214
213
217
200
65
29
10
168
229
218
225
221
220
223
222
222
221
221
222
222
223
223
223
223
223
223
223
223
223
218
217
196
182
199
212
194
172
190
221
234
232
218
221
235
214
240
21
25
38
34
18
19
17
21
21
21
21
21
21
21
21
22
21
19
21
4
84
218
197
216
209
190
157
119
139
124
115
140
224
238
218
223
230
236
233
17
17
17
17
17
17
17
17
18
16
122
115
114
118
120
104
131
117
115
141
226
215
187
220
213
216
214
215
216
224
179
67
28
17
153
233
219
223
216
223
222
222
222
223
223
224
224
224
220
224
225
221
220
222
223
221
223
220
214
98
91
40
108
222
182
153
215
239
223
215
234
221
232
22
15
42
33
12
38
20
21
20
20
21
23
24
24
23
35
21
17
24
9
78
190
184
217
185
189
170
139
129
108
100
151
217
235
216
225
234
228
235
17
17
17
17
17
17
17
17
18
16
122
115
114
118
120
105
131
116
115
141
226
215
187
221
214
216
214
215
216
223
179
67
28
17
153
234
219
223
216
223
222
222
222
223
223
223
224
224
220
224
225
221
220
222
223
220
227
197
191
151
203
182
197
241
243
185
216
229
222
222
234
211
233
23
15
43
34
14
40
21
21
20
20
21
23
24
24
24
33
18
17
25
9
80
195
187
217
182
219
195
142
187
206
156
156
213
231
220
230
234
226
232
17
17
17
17
17
17
17
17
18
15
122
115
114
118
121
105
130
116
115
141
226
216
188
221
215
217
214
215
215
223
179
67
27
16
153
234
220
224
216
223
222
222
222
222
223
223
223
224
221
224
224
221
221
223
222
218
196
241
221
102
109
186
230
213
255
193
210
219
217
224
238
214
234
23
16
44
37
16
41
22
21
21
21
21
22
23
24
25
32
16
17
26
8
83
202
190
196
189
214
174
150
203
216
199
182
218
227
220
229
230
225
235
18
18
18
18
18
18
18
18
17
15
122
115
114
118
121
106
130
116
114
141
226
216
188
222
216
217
214
214
214
223
178
68
26
15
152
234
221
224
216
223
221
221
222
222
222
223
223
223
222
224
224
221
221
223
220
215
222
205
217
233
223
201
201
223
242
184
214
224
215
219
240
224
235
24
17
46
40
19
43
23
21
22
22
22
21
23
25
27
35
16
19
28
6
84
207
189
210
190
210
181
166
194
199
230
221
232
226
218
223
224
227
241