112
92
236
248
255
248
221
191
171
163
170
191
190
174
173
178
177
176
173
157
152
162
169
162
157
160
156
180
187
171
163
176
184
181
172
170
169
169
165
153
136
123
131
155
193
232
244
225
219
238
241
251
255
235
246
233
233
226
233
229
228
232
255
233
216
166
146
82
54
73
60
47
101
155
84
140
70
168
80
106
142
108
117
153
86
157
155
77
184
123
97
171
145
69
170
119
104
167
121
108
190
95
122
166
112
130
164
75
144
142
80
132
153
96
253
236
209
181
163
161
172
182
189
184
172
167
175
175
164
159
149
168
177
166
159
168
180
184
191
188
178
170
178
190
179
158
167
168
163
150
136
135
147
159
218
231
234
226
233
252
255
247
226
240
228
231
223
235
229
241
228
241
240
200
142
115
125
170
146
149
107
46
89
70
69
144
96
122
120
97
135
73
153
123
91
152
122
68
153
147
78
174
118
111
189
106
144
146
78
120
131
82
146
145
79
150
136
64
205
132
82
178
119
130
179
92
177
172
168
169
175
181
183
182
182
176
172
170
164
154
155
165
165
178
181
172
171
180
186
182
172
181
186
179
168
164
165
167
147
128
113
125
163
206
235
246
248
244
250
251
241
236
234
226
245
230
215
218
245
247
237
232
173
171
122
109
132
210
224
219
203
76
82
56
46
67
126
122
83
182
66
166
117
75
163
109
88
121
100
113
150
113
101
144
75
135
128
73
153
134
91
153
123
125
192
91
133
135
83
136
169
124
134
158
102
170
158
87
166
164
163
169
176
178
175
170
165
167
173
170
157
155
167
178
187
177
177
188
190
180
174
176
167
163
165
171
171
157
137
124
127
155
195
228
246
251
252
252
253
232
231
240
233
226
223
216
211
235
250
253
223
173
131
127
163
66
210
158
28
170
215
191
200
88
64
79
73
64
100
88
85
130
80
102
121
75
164
136
102
182
67
90
160
67
137
168
74
170
135
97
180
144
101
164
142
86
188
101
57
188
124
98
159
111
145
160
126
134
147
112
170
166
162
160
161
163
164
164
166
163
167
165
165
183
191
175
177
179
189
198
190
172
169
178
169
170
165
146
123
121
151
186
228
242
255
255
245
236
236
240
229
241
239
220
215
241
255
255
252
218
142
132
116
162
183
232
246
98
58
60
27
101
227
174
126
122
42
65
68
64
111
128
76
148
100
95
166
99
120
134
70
164
140
72
179
133
112
159
112
66
184
104
100
162
83
142
163
83
119
179
132
138
136
123
176
113
121
125
105
125
140
105
136
142
149
156
160
163
165
166
165
170
184
179
168
187
200
181
183
191
191
180
175
176
167
152
163
141
124
137
173
209
233
243
249
244
239
239
240
235
223
214
234
232
226
240
255
238
179
139
105
64
69
103
219
233
214
163
176
129
96
92
33
36
201
183
207
175
66
103
49
51
142
141
96
139
90
174
126
92
151
86
76
155
93
101
151
77
180
143
76
162
133
81
169
136
106
176
104
103
158
97
124
141
94
125
148
119
114
119
72
146
140
89
156
152
148
147
151
159
168
174
169
175
201
201
172
177
196
188
194
189
173
156
156
163
156
140
127
156
197
230
250
255
255
250
238
237
230
214
202
208
229
249
250
247
210
167
122
62
68
142
100
83
117
125
225
205
193
138
106
217
65
56
68
20
170
193
161
166
50
69
73
52
101
134
83
122
107
48
156
61
126
145
79
125
106
110
163
105
89
159
103
97
176
99
144
149
82
120
141
103
102
180
76
133
185
80
144
134
103
182
115
111
162
110
152
153
157
164
174
179
180
178
188
171
190
205
187
185
193
178
179
169
161
152
137
129
145
170
232
247
255
255
247
240
230
220
221
218
221
235
251
255
245
231
143
152
116
98
118
94
65
92
98
110
78
136
149
213
171
163
118
202
91
68
50
21
120
219
161
212
112
50
61
65
116
149
87
166
78
171
116
74
149
111
99
185
94
110
147
97
94
163
122
118
162
74
144
139
87
130
105
73
179
124
94
161
89
116
164
111
167
142
94
140
145
104
137
148
163
171
172
172
181
191
187
173
180
196
192
178
167
157
146
156
125
140
157
212
244
247
253
248
250
220
254
215
216
223
246
249
241
252
196
143
112
68
90
179
135
118
125
118
41
97
115
115
107
231
83
210
174
174
140
190
148
36
52
49
67
179
172
221
129
38
68
63
110
131
108
154
94
115
144
104
134
120
100
164
85
105
173
107
136
153
92
155
150
87
120
104
91
159
168
95
138
125
107
147
126
107
167
92
126
167
138
105
154
131
166
182
195
192
182
180
191
203
182
176
174
168
163
165
152
125
122
149
198
221
255
254
255
242
248
213
221
233
204
237
255
243
232
182
125
98
57
44
13
99
46
136
114
160
170
177
56
92
124
182
80
115
37
207
164
185
158
163
193
58
81
15
34
208
211
210
150
35
79
57
114
134
95
132
100
87
148
95
128
161
63
148
129
66
133
123
87
135
108
82
169
101
118
178
110
124
146
86
125
150
93
143
146
97
157
126
107
138
129
119
156
90
192
192
188
187
192
193
178
159
171
156
163
170
145
124
144
176
233
249
239
255
224
245
209
224
229
238
255
240
221
214
178
140
115
119
46
43
16
64
177
196
61
94
195
184
154
97
81
67
135
117
66
61
43
136
208
171
178
138
217
57
55
140
162
128
233
197
177
36
71
62
118
123
104
152
116
156
121
92
164
131
103
175
86
115
162
87
144
133
98
136
142
94
172
146
68
168
130
84
138
144
92
167
117
107
150
96
124
147
95
145
171
100
177
197
204
186
167
166
177
185
153
147
133
120
145
209
249
245
253
241
243
226
226
238
242
255
249
220
176
176
139
80
232
46
42
72
45
50
159
222
190
135
118
72
133
83
170
111
106
43
110
46
76
88
77
69
249
160
180
127
198
131
20
177
246
94
219
192
191
62
41
79
119
119
77
141
134
79
181
96
91
160
81
151
140
86
176
162
84
137
145
100
169
89
106
175
110
117
155
102
140
184
92
147
180
87
147
149
91
156
122
113
150
101
189
188
181
172
168
162
143
123
147
139
174
234
255
251
244
242
227
229
250
238
253
238
224
200
175
168
146
156
214
16
44
89
10
22
113
255
240
178
170
207
165
67
88
120
82
78
115
82
51
96
92
91
85
58
220
181
172
158
165
187
27
106
226
91
191
189
178
111
11
83
114
137
116
116
75
138
128
68
133
142
112
129
97
101
138
89
117
180
149
122
163
121
168
168
91
160
159
99
152
130
97
153
129
97
178
93
92
165
101
138
148
90
164
172
171
151
127
121
139
161
202
238
255
247
228
240
251
237
252
249
219
210
193
174
166
148
158
111
27
54
94
7
50
115
51
23
49
232
74
96
195
148
33
97
94
125
143
189
154
57
23
100
106
74
99
47
163
203
173
167
152
197
64
62
232
106
153
185
163
155
3
62
107
145
128
117
143
90
149
101
133
139
57
163
144
89
168
155
111
147
87
142
166
106
123
132
115
126
154
90
116
136
80
107
162
71
133
137
74
159
132
128
171
113
166
144
127
134
159
192
231
255
252
235
237
251
253
246
238
228
221
194
197
155
202
109
189
173
66
25
35
22
46
254
226
56
84
13
17
205
171
120
38
68
168
88
59
136
204
120
154
110
51
52
108
73
104
54
106
216
174
150
154
215
118
18
184
201
107
196
186
181
27
49
121
117
63
156
112
76
151
118
133
152
102
120
131
93
150
146
95
145
152
89
174
100
122
182
98
140
151
105
129
130
96
135
129
107
147
115
115
171
100
110
154
97
114
130
173
224
248
244
239
244
247
247
250
244
236
236
224
196
212
223
244
255
255
103
126
94
25
48
37
33
28
216
247
89
39
41
0
149
255
227
224
226
197
121
53
116
247
123
156
123
88
68
98
75
77
105
52
233
165
187
144
168
157
31
97
238
73
219
231
196
60
58
149
82
120
107
126
97
131
77
135
162
90
138
124
79
135
109
76
149
90
86
159
73
104
163
89
122
133
100
105
142
79
114
125
93
125
101
68
145
107
85
135
78
199
241
252
250
235
255
229
255
239
239
238
218
196
161
145
187
252
228
193
129
88
56
25
52
71
70
61
65
39
101
202
139
48
55
39
92
182
114
183
137
103
81
39
46
124
139
106
138
102
58
94
103
75
123
34
165
191
158
182
149
213
51
61
136
98
96
85
88
59
61
114
105
118
79
125
68
135
115
63
153
82
98
128
85
91
107
81
91
110
67
140
102
83
141
104
84
142
94
85
106
90
119
109
71
98
104
63
121
79
82
120
83
241
255
242
251
255
235
255
223
243
200
185
178
167
150
114
99
114
83
64
46
56
72
66
85
82
72
55
61
30
15
41
13
22
36
25
34
42
0
28
34
9
17
28
25
33
27
18
53
61
62
54
83
130
104
41
118
230
186
143
112
111
65
64
94
80
83
75
72
41
57
135
147
100
65
135
53
136
77
87
145
83
104
164
46
115
137
59
109
107
72
133
86
83
130
62
70
129
61
74
109
76
100
95
60
99
61
47
91
93
61
129
60
255
254
253
229
221
239
184
205
119
122
187
177
85
54
63
56
63
54
70
74
68
64
46
40
28
26
20
34
44
25
21
45
37
40
36
40
27
37
27
60
78
62
67
59
52
54
38
28
40
36
89
96
100
109
51
69
119
90
68
81
58
86
83
66
54
52
43
52
36
53
112
104
141
83
120
119
67
143
67
117
124
73
146
134
52
155
105
89
124
70
97
125
61
87
130
52
101
124
70
103
69
46
111
108
99
100
62
138
98
67
101
67
240
240
224
225
170
171
188
144
54
86
70
48
84
81
52
93
80
64
65
53
27
26
34
32
30
34
37
21
35
42
26
51
37
33
24
33
29
60
27
46
40
33
32
11
9
30
31
32
36
16
69
95
54
114
83
108
94
70
89
95
74
54
54
28
46
45
43
64
61
78
121
96
138
91
140
84
128
152
94
124
135
78
146
106
99
156
59
117
147
65
147
118
86
153
86
106
110
87
82
120
74
87
118
57
81
103
84
110
120
50
122
97
200
165
117
124
247
174
115
25
46
56
86
84
74
76
64
61
33
22
24
33
29
35
43
26
31
31
58
42
42
64
48
49
38
51
42
40
31
32
27
38
23
15
23
48
82
69
32
45
14
32
12
73
71
58
43
65
68
51
64
51
57
32
55
63
69
76
71
77
55
69
124
111
118
89
112
149
68
149
114
104
145
75
114
145
80
119
114
82
125
100
98
165
98
90
135
56
103
162
66
118
98
46
129
105
102
135
79
84
115
60
136
110
132
128
113
106
151
84
40
110
103
90
82
58
47
48
34
37
46
46
35
34
31
39
64
63
69
47
67
58
37
41
30
27
11
30
18
20
22
12
36
46
60
171
184
66
15
43
38
26
73
76
86
47
38
35
43
44
73
77
65
55
61
66
67
74
70
71
60
64
46
62
113
92
139
47
131
141
41
158
89
75
127
96
96
152
56
129
122
69
130
95
92
151
73
87
137
76
141
109
77
156
136
111
133
79
129
149
99
152
83
73
152
87
85
99
101
234
86
52
89
64
61
32
64
67
31
39
48
32
25
57
59
64
59
42
46
40
41
26
29
25
18
19
21
30
17
21
5
13
17
14
23
35
21
44
89
98
81
61
39
44
18
18
119
54
19
46
16
2
46
51
52
62
61
73
63
52
49
50
45
63
63
87
130
98
119
78
114
94
90
176
61
103
131
66
139
105
81
135
109
83
158
78
121
157
56
123
168
126
104
146
68
130
127
88
142
110
71
185
95
92
166
70
99
121
105
104
63
128
58
83
54
45
46
45
29
16
41
46
36
73
63
72
32
24
37
30
32
23
17
33
25
14
21
21
16
20
17
20
15
26
11
15
2
32
46
12
25
34
43
86
91
60
87
70
37
20
15
24
18
83
93
61
73
70
60
46
63
51
63
74
70
72
49
62
112
92
133
118
90
169
67
105
139
66
110
122
54
162
96
74
176
66
81
163
72
117
126
103
126
138
95
139
98
128
122
136
168
98
137
159
68
140
113
85
135
94
69
111
210
61
85
70
28
35
22
30
33
40
72
67
46
81
62
44
34
17
41
14
29
8
17
11
27
24
19
13
39
0
2
10
15
8
13
35
34
4
0
21
25
22
31
28
24
38
40
52
65
71
74
76
77
76
69
66
63
60
60
63
67
70
55
61
67
54
60
60
98
88
147
105
126
154
69
141
102
94
150
81
93
137
96
126
133
91
137
123
54
155
93
115
133
106
137
147
75
118
121
65
112
116
95
164
71
124
173
86
129
145
76
86
120
46
53
33
25
52
68
62
73
68
60
50
28
29
48
41
2
42
22
32
16
24
19
24
4
0
8
3
0
37
171
83
29
37
42
29
31
47
70
72
47
21
23
31
45
69
69
72
76
78
76
70
65
64
41
42
45
49
54
59
64
66
52
63
57
62
62
92
137
145
84
116
63
118
110
109
131
82
141
108
87
138
75
87
163
100
102
135
111
111
138
70
139
132
74
154
97
92
189
98
129
143
98
152
116
118
145
83
151
122
69
76
46
25
20
40
70
76
89
41
34
28
23
43
36
10
24
27
21
25
27
11
15
2
5
27
14
60
163
193
71
43
72
30
17
37
46
46
63
81
46
61
65
67
81
89
91
98
89
78
69
68
64
56
51
53
69
70
70
68
65
60
55
51
58
70
51
60
40
76
113
129
118
108
108
160
66
115
134
74
116
82
118
148
104
111
112
93
144
156
101
153
126
92
167
94
97
132
91
136
126
77
156
107
112
172
107
134
135
84
113
118
41
43
27
53
59
88
115
98
52
21
28
22
6
14
15
11
26
20
2
40
5
0
14
71
79
66
25
130
130
46
45
19
7
40
76
80
68
73
78
67
83
88
86
82
81
78
70
65
82
64
51
52
53
49
51
59
51
53
57
59
60
58
55
53
56
69
61
66
47
66
100
112
108
122
116
126
82
112
125
96
133
119
81
142
134
93
133
107
97
121
100
101
121
101
102
122
85
135
90
83
132
105
69
163
73
153
109
53
198
107
85
169
51
14
40
88
93
61
43
30
33
11
8
9
16
18
10
28
0
7
8
0
105
193
255
238
206
36
32
13
9
33
32
82
97
84
78
70
61
69
87
93
64
62
62
61
63
72
76
71
59
51
49
55
59
58
60
66
53
55
59
62
65
67
68
69
57
64
70
63
59
57
98
101
91
174
28
154
95
97
172
69
146
148
86
131
141
102
156
124
88
154
75
122
142
87
118
139
90
127
111
109
159
85
129
145
52
149
71
124
128
85
189
124
97
56
86
86
82
46
19
4
13
9
18
21
25
16
0
2
104
116
113
255
235
210
82
39
9
24
43
54
75
69
98
62
49
50
69
88
89
81
70
55
64
63
71
73
63
59
53
35
40
49
62
68
67
63
60
59
56
55
52
49
45
42
40
39
53
51
57
45
53
50
101
107
128
113
99
166
74
135
139
70
130
100
134
166
111
115
180
88
124
181
86
159
149
88
147
141
88
166
124
116
156
100
132
131
89
100
156
85
131
89
118
138
44
37
49
25
19
21
23
13
5
0
15
0
0
58
123
160
158
150
104
106
38
10
6
38
55
65
62
78
77
51
65
70
79
83
87
75
61
66
71
60
70
62
65
62
49
54
62
50
43
64
79
73
62
57
55
52
57
58
59
60
61
61
61
60
43
42
39
45
52
72
125
141
84
129
99
122
140
74
157
87
89
177
83
115
155
76
149
121
76
135
145
69
157
81
86
188
81
126
140
86
128
163
78
172
93
98
128
102
135
103
95
158
41
42
37
45
25
3
8
20
76
38
62
83
111
187
190
115
57
50
4
14
19
58
68
64
70
62
68
68
46
83
77
70
61
54
65
79
74
68
67
62
49
45
58
62
49
55
64
50
61
84
93
73
53
53
58
58
53
55
58
60
61
61
59
58
55
55
34
49
36
64
100
119
116
137
70
182
81
129
146
92
146
96
87
154
116
70
176
114
104
191
93
116
157
94
147
153
75
131
113
105
166
104
121
147
87
154
108
71
170
91
113
125
49
72
69
14
5
10
12
105
228
141
80
127
62
73
35
15
26
39
53
62
70
75
72
65
64
58
62
72
71
57
48
49
71
68
64
58
52
46
41
39
65
68
72
59
53
55
48
49
120
90
64
57
58
55
54
58
57
57
57
56
55
54
54
54
58
49
42
38
49
51
119
135
92
105
103
122
117
99
166
99
122
168
106
107
164
109
128
168
102
125
174
95
148
135
84
158
101
92
180
104
103
156
77
161
129
76
167
104
100
143
70
164
65
50
44
18
86
94
62
89
225
136
54
59
4
30
36
49
58
65
68
68
69
72
71
65
69
62
51
43
46
58
70
75
52
52
54
56
58
60
61
62
59
63
63
57
58
58
61
79
108
82
59
55
57
55
54
58
55
53
52
51
51
50
48
47
36
37
41
45
54
46
95
106
77
192
92
134
133
81
138
97
98
137
122
126
141
103
132
127
94
124
110
87
174
119
88
160
112
123
160
94
111
141
80
157
114
123
146
66
150
112
124
120
60
66
0
4
242
192
32
61
49
27
16
46
40
62
70
84
66
70
72
72
73
76
75
71
45
58
65
63
64
67
57
40
50
51
53
55
58
60
62
63
53
59
52
54
62
55
69
109
93
72
55
53
56
55
54
57
58
55
51
50
51
51
47
44
43
43
44
45
51
46
88
108
96
150
78
200
118
72
192
89
144
124
98
153
150
73
143
181
83
179
161
101
158
123
116
164
144
111
131
131
140
132
87
119
125
70
138
90
124
121
77
146
33
36
100
93
89
52
38
23
31
42
54
69
79
79
76
80
64
69
75
79
81
79
74
70
59
63
62
56
55
56
51
41
57
56
56
55
54
53
52
52
52
60
47
54
62
48
72
119
81
67
54
53
55
54
53
54
59
55
50
49
50
49
45
40
47
47
42
41
46
49
84
120
116
141
107
64
143
71
133
116
91
179
131
82
146
125
120
159
121
80
160
101
112
138
80
134
132
131
145
87
85
150
134
113
126
97
170
88
131
117
119
142
25
73
89
33
13
38
51
48
85
91
85
68
75
69
68
71
84
83
83
82
77
68
61
57
66
55
47
48
50
50
55
63
54
54
54
55
55
56
56
56
53
63
47
57
61
50
81
115
76
66
58
55
55
53
52
52
53
50
46
44
44
42
39
35
30
35
35
39
44
50
70
116
93
176
74
124
111
82
179
81
129
160
56
149
166
43
151
133
68
166
145
105
169
124
90
180
115
109
137
89
108
137
93
169
124
104
146
60
114
133
62
131
16
49
49
47
62
78
76
93
50
63
68
68
82
84
78
75
89
82
74
67
60
52
50
51
51
45
51
65
67
54
47
50
56
56
57
58
59
61
62
62
53
64
49
59
58
61
101
107
73
68
61
57
54
53
51
50
51
50
48
46
43
40
38
38
37
39
32
34
37
52
67
130
110
102
156
107
170
92
147
119
116
155
113
82
166
126
85
178
128
112
169
88
129
201
95
118
137
64
172
136
87
169
134
101
163
81
131
166
73
138
112
141
25
12
25
63
97
70
59
60
77
78
73
76
73
81
75
70
69
61
55
54
51
48
50
55
62
57
54
54
53
51
50
50
61
61
60
60
60
60
60
60
53
63
49
55
49
70
121
94
69
67
62
56
53
52
51
51
49
52
53
49
43
40
41
43
47
47
34
31
31
51
61
135
131
112
124
78
148
67
111
138
66
135
144
90
154
148
96
154
137
113
163
115
131
156
72
134
158
106
141
100
127
161
79
130
128
93
186
93
94
165
78
152
15
19
30
16
63
61
89
76
74
71
65
76
63
76
71
67
54
50
51
57
57
53
53
57
52
59
58
50
51
59
57
47
57
57
58
59
60
60
61
61
54
62
47
50
38
73
129
81
67
66
62
56
52
51
52
52
43
48
51
47
39
35
37
42
27
35
32
36
34
45
38
108
80
118
105
95
142
114
161
109
101
143
125
127
144
94
132
170
85
134
136
92
128
154
104
135
114
80
168
121
75
144
121
100
168
103
127
166
93
134
126
105
71
19
4
52
94
87
67
64
63
64
64
63
59
52
46
41
52
50
53
58
54
47
52
64
49
49
50
52
53
55
57
59
52
55
58
58
55
52
52
53
40
52
39
55
40
120
116
72
71
65
61
61
59
54
51
52
46
46
45
46
44
41
35
31
35
33
36
34
41
36
35
79
138
116
119
54
158
85
96
157
76
134
156
81
153
150
64
155
127
89
161
103
102
162
134
102
158
122
148
132
83
139
121
112
146
100
156
114
116
171
83
133
63
44
39
55
67
65
66
74
56
53
48
45
45
48
53
56
58
55
55
57
57
54
56
60
65
61
55
51
49
50
52
52
50
53
55
54
52
50
51
53
52
57
48
52
57
124
110
74
67
61
57
57
55
51
49
50
48
48
47
47
46
43
37
33
34
31
34
32
39
35
33
70
100
116
109
115
159
47
155
127
103
157
100
99
156
99
118
172
113
135
149
96
146
142
93
159
173
90
135
119
117
149
105
115
168
76
159
147
97
164
92
113
50
66
79
76
64
55
48
44
44
46
50
53
56
57
58
58
59
59
56
54
56
60
59
54
61
57
52
52
54
56
55
54
51
52
52
50
47
46
47
48
54
48
47
38
74
122
94
72
69
63
58
59
57
53
52
53
47
46
45
45
44
41
36
33
36
30
34
33
39
38
33
60
129
70
135
58
139
118
86
131
69
109
156
72
130
152
62
127
137
87
132
135
110
136
140
67
160
104
102
154
85
144
144
71
154
134
78
140
93
96
128
107
74
75
66
50
44
50
54
50
46
50
57
62
63
61
57
54
53
59
58
51
51
59
59
52
51
50
50
54
59
60
55
51
52
51
49
45
43
42
42
43
50
36
41
29
92
117
81
71
70
63
58
59
58
55
54
56
49
48
47
47
46
43
39
36
40
32
38
36
40
43
36
52
111
139
124
68
157
90
116
158
75
103
135
88
150
147
83
172
117
103
188
121
146
201
98
144
159
68
180
99
96
175
96
104
149
99
121
144
95
151
92
112
66
56
46
43
49
56
58
56
58
55
52
49
49
52
56
59
48
58
60
52
49
55
59
56
60
56
52
51
51
49
45
41
47
46
43
42
42
42
43
43
53
38
42
40
113
113
77
73
65
58
54
54
54
51
51
53
53
52
50
50
49
47
44
41
42
32
42
38
38
45
40
45
100
117
132
87
159
110
126
157
99
146
134
103
153
125
110
175
129
88
139
113
122
150
82
138
185
122
122
187
81
116
134
77
142
129
88
176
86
106
164
69
45
45
53
65
66
56
45
40
53
53
53
53
54
55
56
56
51
59
62
57
51
52
57
60
62
57
49
42
39
41
45
48
40
39
39
41
44
47
48
48
54
44
40
61
124
100
74
68
66
59
54
54
54
52
53
56
49
47
46
45
45
44
41
38
40
30
44
39
32
44
42
41
121
78
149
51
147
157
64
156
111
86
187
120
99
145
100
109
171
65
134
149
84
148
140
79
137
100
109
119
125
135
156
119
196
126
151
146
77
158
131
112
63
58
53
49
49
50
51
50
48
52
59
65
66
63
58
54
59
57
57
57
53
49
50
55
47
48
46
43
40
43
50
57
39
38
39
42
46
49
48
47
47
45
32
82
126
86
75
63
67
60
55
56
56
55
56
60
46
44
42
41
41
40
38
36
41
31
48
40
29
44
46
41
115
152
127
85
152
87
107
164
91
122
133
79
165
143
55
174
119
93
182
109
100
191
84
133
162
112
130
131
73
150
124
81
127
143
90
138
112
98
121
64
51
53
50
49
59
69
62
46
58
57
56
55
56
58
61
63
65
55
51
55
54
46
43
47
35
43
51
53
48
45
47
51
44
42
42
44
47
48
44
41
40
45
28
97
129
82
82
66
64
57
52
52
53
52
53
57
51
49
47
46
46
45
43
41
43
34
53
44
30
47
51
45
158
71
154
93
116
132
102
148
126
97
158
114
115
144
108
113
185
118
128
170
89
121
161
73
136
137
92
142
121
100
153
104
152
116
106
156
113
115
148
88
56
50
51
50
42
49
62
63
44
49
56
57
55
52
52
52
55
54
52
51
49
46
41
38
54
58
55
46
43
46
49
47
43
45
46
44
41
41
45
48
41
42
37
131
102
82
73
69
51
59
61
55
51
52
52
49
46
44
50
56
46
32
35
51
34
32
26
47
39
45
45
65
137
104
146
48
157
110
66
139
117
95
147
109
119
172
135
133
137
82
169
161
138
183
148
126
172
93
108
157
99
148
147
87
142
139
94
133
108
141
147
83
57
51
53
52
46
51
60
58
53
55
57
57
54
51
48
47
45
42
42
45
49
50
46
42
43
44
42
38
40
44
43
37
44
45
47
47
45
43
42
42
43
36
54
127
100
83
75
70
52
58
59
55
52
54
53
49
51
46
45
48
45
38
40
47
38
41
29
45
42
45
42
70
151
79
136
107
108
157
91
142
99
113
153
101
141
122
135
138
159
111
144
120
80
129
137
86
137
114
121
145
128
86
162
94
101
173
110
137
151
82
154
114
60
53
54
56
51
54
57
51
57
55
53
51
50
48
45
42
46
43
41
43
47
47
42
37
40
39
37
38
44
49
44
36
44
45
46
47
47
44
40
36
50
32
83
121
94
81
74
66
55
56
56
54
54
56
54
50
54
48
42
41
43
45
44
43
41
52
32
41
45
46
39
78
140
58
136
77
106
143
74
120
157
90
151
136
92
165
111
99
179
86
119
164
115
115
129
106
162
117
101
175
109
153
166
117
146
154
75
167
121
114
158
78
62
54
56
59
54
56
55
45
54
49
44
43
44
45
43
40
47
47
46
46
45
42
39
37
42
41
39
41
46
49
46
42
44
42
41
43
46
45
41
36
54
33
109
112
86
78
70
60
58
56
53
53
56
57
55
50
51
49
44
40
42
48
46
40
40
58
32
36
46
46
40
89
133
78
147
83
137
161
105
149
108
112
175
79
136
175
72
154
170
88
174
143
83
172
130
83
154
111
111
159
96
129
157
130
100
176
64
133
155
74
180
103
62
54
57
60
55
55
54
44
54
48
42
40
41
43
42
40
37
42
46
46
42
40
42
44
42
41
39
39
39
39
41
44
43
40
37
39
42
45
43
41
49
40
122
99
79
78
70
61
60
56
53
54
57
56
54
52
44
48
49
45
43
45
45
41
38
56
31
35
44
47
46
99
115
100
91
133
57
161
81
117
118
82
159
124
92
148
144
107
164
138
105
147
85
114
188
90
134
161
77
131
138
94
145
113
94
151
120
119
131
92
140
116
60
53
56
58
52
53
55
48
57
53
48
44
42
43
43
42
38
42
45
44
39
36
36
38
45
42
41
41
38
36
40
47
42
40
39
40
42
45
46
46
40
54
122
89
75
81
73
66
62
57
55
56
56
53
52
54
41
46
50
49
44
41
42
45
37
52
33
39
41
48
55
106
133
109
138
90
110
119
106
108
142
95
132
129
75
168
108
74
130
95
116
125
65
136
146
79
162
116
81
167
129
114
189
89
105
153
84
142
117
101
154
66
57
52
55
56
48
50
57
53
53
52
49
46
43
43
45
47
45
43
42
41
41
39
35
31
48
43
41
44
45
43
43
47
43
44
46
46
46
46
47
48
37
77
120
83
73
83
72
67
63
59
57
58
55
49
50
55
46
44
46
50
46
38
41
50
41
48
37
46
38
49
64
108
116
109
110
104
89
166
109
140
125
80
162
106
108
147
95
115
180
113
125
203
139
127
122
107
107
138
116
112
160
88
132
146
86
142
113
91
161
98
135
118
55
51
54
54
45
48
58
57
44
46
47
45
43
43
48
53
43
37
34
39
49
52
46
38
46
38
36
44
50
47
43
42
44
48
53
53
50
47
46
47
40
97
120
82
72
82
67
64
64
60
59
59
54
47
49
56
52
42
40
48
46
38
41
53
46
47
41
52
37
49
70
108
156
73
136
113
61
153
128
105
167
81
118
171
92
142
142
80
141
131
100
148
92
117
153
102
127
166
66
175
102
89
157
127
137
174
101
137
140
87
152
108
43
41
59
60
55
52
44
57
51
56
52
42
39
46
46
39
44
45
44
43
45
47
39
28
42
42
40
40
45
50
47
39
47
38
48
53
39
42
51
42
51
117
111
80
78
76
71
61
60
57
57
60
59
55
53
55
52
54
49
39
40
48
45
34
58
41
40
46
51
37
79
94
89
85
145
125
86
146
72
142
126
86
156
132
90
162
116
89
158
131
107
147
112
114
173
74
108
143
86
103
134
97
149
128
72
149
116
104
140
93
114
162
44
40
54
51
45
45
39
53
36
44
46
41
42
50
50
43
59
40
34
45
48
37
36
47
38
42
43
41
42
45
45
42
45
39
47
48
37
42
48
36
67
116
103
78
81
77
70
59
60
57
58
60
59
55
54
56
46
52
50
41
40
46
48
43
40
50
53
36
41
51
94
87
120
107
87
144
74
131
122
101
140
79
106
128
59
118
159
85
154
126
54
163
149
66
159
123
113
157
103
123
157
127
128
136
115
176
106
134
152
75
157
115
45
40
49
42
37
40
36
50
36
44
47
44
45
48
45
37
58
41
35
44
46
39
40
51
38
46
50
47
43
45
48
49
43
41
45
44
39
47
50
37
89
114
92
77
83
75
68
58
61
58
58
61
60
56
55
57
45
53
53
43
39
43
47
47
52
31
36
54
57
33
78
107
138
103
139
93
95
151
65
118
149
88
147
148
92
139
118
102
142
97
115
167
114
115
166
74
108
152
80
148
145
98
139
105
71
156
85
77
165
83
118
127
45
40
49
41
37
42
38
50
41
46
48
46
44
45
42
35
40
46
45
39
42
50
48
39
39
46
50
47
44
46
48
48
42
44
46
44
45
54
55
47
106
113
86
78
81
69
66
60
62
59
59
62
61
57
56
58
51
54
52
43
38
41
43
42
40
44
49
41
42
43
91
99
99
125
76
157
78
123
128
98
147
114
101
138
101
100
118
84
123
165
60
103
155
102
138
126
101
150
103
117
168
128
117
162
100
130
141
98
145
96
118
134
41
38
48
41
39
46
41
49
38
41
42
41
42
45
46
44
36
45
45
37
39
49
49
38
39
43
44
43
44
47
47
43
47
50
47
45
50
54
55
56
114
110
85
81
77
62
64
63
62
59
59
62
61
57
56
58
55
52
45
40
40
43
42
39
43
45
49
41
44
48
100
110
121
90
115
123
90
120
108
72
161
85
86
154
100
117
157
75
127
133
97
156
124
95
170
72
106
148
93
122
147
62
143
119
89
156
127
108
147
67
133
123
37
36
47
39
39
48
40
45
44
42
40
38
38
40
42
43
47
39
36
40
41
38
43
52
45
48
48
47
49
52
52
48
53
54
47
48
54
49
50
66
116
107
84
82
73
58
65
62
61
58
58
61
60
56
55
57
54
48
41
39
42
46
46
44
55
32
36
54
61
43
95
128
80
108
88
131
83
150
105
122
126
62
113
140
85
124
124
92
174
126
105
155
121
75
130
145
110
161
129
96
171
91
106
145
63
125
117
62
140
99
87
141
39
38
47
38
37
48
40
44
50
47
44
42
41
40
41
43
46
40
39
42
42
39
43
51
45
52
55
52
50
52
54
54
56
54
46
52
60
48
53
85
116
103
81
80
71
61
68
57
60
57
58
60
59
55
54
56
55
50
45
43
43
44
47
49
37
48
52
38
46
60
106
101
131
106
132
154
72
107
125
74
129
129
113
134
91
106
157
132
90
169
88
133
148
96
170
132
80
138
86
98
154
86
154
145
84
163
96
120
136
65
157
113
45
43
50
38
37
48
41
44
45
43
44
47
49
50
53
56
31
48
52
42
41
52
50
36
37
48
54
50
43
43
48
52
55
51
45
57
67
52
61
105
115
100
78
78
72
65
70
52
60
57
57
60
59
55
53
55
58
56
53
48
42
40
45
51
49
35
39
49
56
41
82
95
97
80
93
126
91
167
116
101
133
68
115
131
80
147
151
90
148
110
85
141
108
86
154
100
120
178
107
97
153
105
129
146
68
125
126
77
110
95
77
138
43
42
36
33
38
45
41
32
46
45
47
49
43
37
41
51
54
46
39
38
43
48
48
46
53
59
55
53
57
49
38
38
58
71
68
78
66
58
54
122
95
90
87
84
73
60
60
69
60
56
53
54
57
56
50
45
57
47
41
45
49
46
45
46
46
39
45
39
36
62
99
102
104
135
69
133
80
90
139
98
121
125
103
142
102
91
122
100
81
143
90
119
141
79
106
133
83
151
104
110
157
101
114
132
93
131
105
80
133
76
127
120
41
42
40
38
42
48
46
40
47
41
39
43
45
43
45
49
33
36
42
49
56
60
61
62
58
58
47
34
35
45
66
90
58
62
50
55
47
41
66
119
95
88
82
79
71
61
58
62
60
57
54
55
57
56
51
46
54
45
40
43
46
44
42
44
41
45
52
44
50
93
116
91
102
107
105
97
48
154
132
51
144
90
96
126
103
111
145
94
149
100
99
151
82
98
193
75
99
141
96
102
114
59
135
127
66
136
120
106
136
80
115
131
40
43
42
40
39
40
39
35
53
43
36
40
47
48
44
41
50
53
57
57
53
49
48
49
57
50
47
58
75
76
60
44
56
54
41
45
39
31
89
116
97
88
80
75
70
64
59
57
60
57
55
55
56
56
51
47
53
46
42
44
47
46
44
45
52
39
45
52
35
55
101
131
80
130
49
137
107
94
138
96
121
105
102
124
108
81
154
114
110
168
84
99
146
93
108
135
85
128
133
105
141
85
111
139
93
116
117
80
129
129
84
131
36
40
43
41
39
38
39
39
48
42
38
43
51
53
49
43
57
57
56
53
49
46
44
44
50
57
68
66
49
40
40
39
45
46
44
50
42
31
109
108
96
92
84
75
68
64
61
58
59
57
55
54
55
55
52
49
50
46
43
44
45
45
44
44
32
45
46
41
41
96
101
61
105
84
116
132
40
102
97
80
128
114
83
124
116
88
153
94
109
117
99
149
114
69
139
125
93
129
110
110
132
57
147
120
76
149
112
91
135
86
99
132
33
37
43
46
45
46
50
55
42
43
46
50
55
57
55
51
61
48
33
28
37
55
72
82
62
33
20
25
34
47
46
25
32
38
43
47
37
35
114
100
90
93
88
73
62
61
61
60
58
56
54
53
53
53
52
50
44
44
42
41
42
43
43
41
59
47
45
60
27
49
85
122
54
120
67
100
78
124
136
82
142
78
109
148
81
105
141
85
93
155
98
114
138
103
126
113
96
146
124
64
159
97
78
138
61
111
127
73
134
85
68
110
43
43
45
46
45
43
46
52
54
58
59
55
52
52
50
47
36
45
60
75
80
67
42
22
22
20
38
43
25
30
47
44
34
39
40
40
33
54
115
100
82
91
87
68
56
58
61
58
56
55
53
52
51
51
51
51
45
48
48
45
45
48
47
45
38
54
49
56
44
104
102
70
119
113
74
157
92
100
126
53
82
173
69
138
128
61
131
109
108
154
89
111
139
96
116
109
90
147
104
95
164
91
116
120
89
146
110
90
168
92
125
115
51
46
44
45
43
40
43
49
60
62
58
50
48
53
55
54
84
71
53
38
30
29
30
30
52
26
27
33
27
43
57
40
41
42
38
38
39
85
111
96
81
89
83
63
55
62
64
56
53
53
52
50
49
48
50
51
44
49
50
47
46
49
49
46
47
47
41
64
30
68
89
113
72
123
79
132
85
98
114
68
146
90
98
129
96
112
142
94
118
101
88
149
107
67
139
103
91
139
104
62
133
96
80
145
78
109
130
73
107
80
83
132
47
41
40
46
50
51
57
65
47
47
43
40
49
65
76
77
48
44
37
29
25
26
32
37
36
25
43
50
29
34
48
35
40
40
34
38
46
106
102
84
85
90
81
62
58
69
68
55
52
52
51
49
47
47
49
51
36
42
44
40
39
42
43
39
38
49
41
60
34
87
92
87
77
130
65
144
81
81
145
73
117
154
79
106
133
73
143
117
62
148
80
95
145
98
108
123
93
142
127
118
135
86
90
110
93
111
123
90
116
108
83
113
50
53
54
51
52
54
47
37
44
54
68
73
63
45
34
33
29
41
47
40
33
34
36
35
37
35
32
29
28
31
36
41
26
47
40
33
46
111
108
91
91
86
74
60
55
56
52
44
58
59
57
50
42
39
42
47
40
41
42
43
43
43
42
42
45
47
47
54
21
86
84
120
88
90
85
121
63
103
120
78
127
102
81
129
96
94
162
77
123
148
79
135
120
112
114
85
103
142
112
95
133
97
102
133
77
106
103
62
128
95
70
113
46
60
67
57
44
44
54
64
69
65
62
58
49
38
33
34
30
38
44
43
40
39
41
42
26
29
31
33
34
36
40
42
38
45
28
27
66
114
99
77
87
82
71
59
57
60
58
53
55
54
51
47
42
41
44
46
45
46
46
45
45
43
42
41
56
44
52
42
40
88
90
111
71
112
49
97
80
67
142
75
105
155
51
117
149
75
135
104
78
118
97
101
128
91
111
134
78
116
132
99
137
117
81
117
85
98
126
69
101
89
83
144
63
52
39
36
48
61
63
58
53
42
31
27
26
25
26
30
37
37
40
41
38
33
32
35
34
36
36
36
34
34
36
38
39
40
22
29
92
111
96
83
88
81
69
59
58
61
62
59
53
50
46
44
45
46
47
47
48
48
47
46
44
42
40
39
54
51
30
51
28
102
74
101
79
94
72
151
78
118
133
62
126
100
79
143
110
82
153
93
103
132
91
114
128
56
129
110
78
129
97
73
117
100
124
156
66
132
113
81
146
89
82
121
40
57
76
81
73
58
44
37
37
30
26
29
33
36
40
45
57
51
49
51
49
44
44
49
45
43
40
36
33
33
36
39
40
44
30
42
109
96
90
98
94
84
71
61
57
59
59
57
55
49
44
44
48
50
48
45
45
45
45
44
42
40
38
37
53
38
52
24
52
77
80
93
82
116
73
94
107
89
120
68
87
125
84
92
118
97
103
103
92
130
85
91
142
107
90
150
107
134
126
83
113
93
76
124
94
81
113
65
95
93
79
103
75
67
53
35
21
20
32
46
34
34
37
42
45
46
51
58
56
51
48
48
48
48
52
57
38
39
41
40
39
40
42
44
48
47
30
54
117
85
83
97
95
84
70
61
57
56
56
56
55
49
43
43
47
48
45
40
42
42
43
43
42
42
41
40
43
57
43
51
32
91
66
107
97
82
77
120
49
125
106
75
107
118
84
142
105
80
170
88
105
142
79
126
123
61
117
106
61
136
76
103
141
63
106
108
62
130
92
64
122
67
87
114
41
30
23
28
36
34
24
16
35
36
40
47
49
50
56
64
55
57
54
46
41
43
45
44
35
40
46
48
45
40
35
33
40
33
12
64
122
92
89
97
89
77
65
60
58
56
56
58
52
47
42
42
44
44
41
36
42
43
44
45
45
45
45
45
42
43
63
23
56
68
77
106
60
132
63
111
124
85
144
81
105
80
70
130
90
66
137
86
89
114
86
81
147
99
100
130
98
131
97
78
113
71
75
110
88
90
122
87
108
91
83
80
26
34
44
46
39
36
51
70
45
44
48
56
58
54
50
50
55
68
70
57
48
52
51
43
43
45
46
44
39
33
29
27
22
22
10
85
119
95
96
102
83
71
61
59
58
55
54
57
51
48
45
44
45
45
42
40
42
43
44
45
45
45
45
45
40
48
40
29
43
86
69
106
79
111
58
110
58
91
129
95
118
97
97
120
114
104
118
121
115
129
77
109
126
81
126
88
65
121
91
75
120
91
97
109
84
120
76
48
100
59
77
72
34
31
37
49
57
54
50
50
44
40
42
49
48
32
12
0
21
45
56
44
40
49
50
38
44
41
36
31
28
30
36
40
17
31
29
109
111
82
89
100
82
70
60
59
57
52
51
54
53
51
50
49
49
49
47
46
41
41
42
43
43
42
42
41
50
44
42
16
62
90
80
105
71
110
84
103
78
87
100
80
89
112
71
104
101
80
132
92
79
126
78
119
96
95
112
126
80
111
119
52
94
110
68
96
67
101
111
83
105
73
93
93
33
35
31
39
56
56
42
36
43
38
31
56
57
31
58
103
46
41
38
42
48
48
44
41
34
9
21
24
15
21
26
36
33
19
42
134
97
96
92
95
70
62
57
58
58
54
50
50
49
50
47
42
42
48
47
42
45
42
38
39
42
43
41
39
48
44
39
27
30
80
73
82
74
101
59
97
93
82
103
75
91
109
62
117
90
62
122
104
74
128
106
87
125
85
86
127
69
121
119
87
133
90
97
100
74
85
79
73
115
54
68
94
35
43
44
48
56
50
37
35
43
39
27
44
46
29
48
74
43
47
50
48
39
31
29
30
26
37
41
22
24
29
17
32
32
16
54
123
92
90
82
87
74
64
56
54
54
50
48
48
48
50
47
43
44
48
47
42
41
39
38
38
39
40
40
39
45
41
36
29
34
82
79
88
68
107
66
87
73
74
109
84
94
107
60
116
94
68
117
91
78
127
107
94
134
100
93
102
62
104
108
64
119
89
78
111
60
97
88
57
95
61
77
73
30
43
47
46
47
37
28
32
36
34
17
22
28
30
50
55
44
44
42
36
27
22
20
20
34
51
28
0
37
57
19
14
41
25
84
117
95
90
79
86
71
61
52
50
50
48
48
50
47
48
47
45
46
48
45
41
38
39
40
40
39
40
42
44
44
41
32
31
37
80
79
87
67
110
74
93
79
87
119
79
114
116
63
112
98
84
131
103
89
113
90
88
116
82
96
104
79
101
89
86
96
56
105
89
55
100
85
52
83
60
79
62
30
41
41
36
36
30
27
36
35
37
20
13
14
28
51
41
51
40
26
21
27
33
29
21
14
48
49
14
22
40
32
48
49
40
114
112
98
90
77
82
61
53
47
49
51
50
50
52
47
47
47
47
48
47
44
41
39
42
44
44
42
42
46
50
46
42
28
34
39
74
76
81
56
87
56
93
88
91
108
48
95
99
54
101
89
83
123
92
88
97
80
94
102
55
95
118
87
105
110
71
105
83
61
109
64
90
69
66
89
51
74
70
42
44
35
27
30
30
32
42
40
47
39
30
16
24
42
20
48
42
32
28
34
42
37
27
24
32
53
41
31
47
53
59
47
52
126
102
92
83
70
69
55
49
46
50
53
51
48
48
48
46
46
48
49
46
43
41
39
42
45
45
43
44
48
52
48
44
24
39
45
72
77
80
66
80
50
97
87
84
107
55
73
88
62
108
93
85
110
76
79
101
88
105
110
63
103
103
77
96
85
106
96
60
108
85
67
86
59
77
92
49
77
74
43
42
28
19
25
27
29
38
32
41
49
51
31
29
42
15
27
41
47
41
33
32
31
27
51
23
35
46
54
70
56
33
42
68
128
98
86
80
69
57
56
50
48
52
53
48
43
42
50
46
45
48
48
45
43
43
40
41
42
43
43
44
47
49
48
44
20
43
51
72
81
83
79
87
55
93
65
64
112
82
86
98
72
104
85
85
112
83
88
120
87
87
104
77
114
83
61
97
96
70
98
82
48
93
56
91
60
75
81
56
87
62
29
32
25
20
25
26
25
33
33
30
40
56
37
32
48
27
14
32
43
37
30
33
37
37
42
47
59
50
45
48
39
49
38
86
125
101
84
80
74
50
58
51
48
50
51
47
43
43
52
46
44
47
48
44
43
45
44
42
42
43
45
47
47
47
47
43
15
44
52
67
78
78
65
79
50
80
46
53
105
67
84
92
64
88
70
78
103
76
96
122
74
79
101
65
106
90
63
109
82
81
85
61
73
74
47
91
56
71
70
54
86
46
16
26
28
28
34
31
30
38
51
31
32
50
31
25
47
33
19
27
30
27
34
50
58
56
58
74
60
32
49
55
36
58
33
94
119
100
80
78
75
43
57
50
45
47
49
48
47
48
53
46
43
46
47
43
43
47
48
45
43
45
48
51
50
48
48
43
12
42
49
59
69
68
66
86
62
94
67
79
116
51
69
85
73
108
93
96
103
63
87
108
72
106
124
48
87
105
59
116
88
64
91
83
65
100
46
84
47
72
68
44
76
39
21
18
32
32
36
42
31
34
48
33
29
43
36
25
37
40
30
26
36
47
51
58
62
54
56
52
54
48
49
54
45
42
42
117
112
96
80
78
61
57
53
55
52
45
41
45
49
50
46
41
60
53
51
57
40
48
46
47
60
52
46
48
44
55
55
24
26
33
46
68
74
83
63
91
48
82
79
70
89
57
102
86
64
95
68
71
103
95
75
87
82
92
97
60
86
75
70
107
60
76
83
42
72
80
52
84
62
98
69
56
87
52
29
25
36
33
34
39
27
31
40
32
31
41
38
33
41
43
61
54
58
63
61
63
64
55
58
55
55
50
51
55
48
43
53
117
105
91
75
71
56
57
48
52
53
48
47
51
56
57
53
47
61
53
51
58
46
55
51
46
56
50
49
55
46
52
51
23
28
37
49
68
70
76
59
90
49
81
71
61
83
51
84
79
72
115
89
82
94
70
77
88
78
92
105
77
110
97
56
106
61
65
75
53
82
69
59
85
56
88
59
45
76
40
33
28
38
33
33
38
29
35
36
37
42
45
48
51
52
52
57
48
50
54
51
56
58
51
57
57
53
51
52
53
49
41
67
117
96
84
70
63
50
58
48
54
58
54
53
56
60
60
59
54
61
54
52
58
54
62
57
46
52
48
54
61
48
49
47
21
29
40
51
67
65
68
55
86
50
81
65
57
83
50
85
78
67
107
84
81
92
62
103
110
84
88
94
60
91
69
69
111
67
76
87
65
90
70
56
76
44
81
58
50
84
51
30
26
36
31
33
41
36
45
33
42
51
47
55
65
56
57
58
49
51
55
54
61
67
61
54
58
49
49
50
47
49
37
76
116
90
82
70
61
48
61
53
61
65
60
55
55
55
55
61
59
60
56
55
58
59
64
57
47
52
49
55
63
50
51
47
21
30
40
51
65
62
64
54
81
48
81
66
64
93
52
91
79
59
91
69
75
90
59
83
100
72
77
82
49
91
66
79
95
49
79
87
46
67
54
55
73
41
84
68
64
100
67