112
92
95
88
84
86
88
85
82
81
71
77
80
77
75
79
87
92
84
89
92
91
92
94
93
90
98
101
97
122
158
133
91
89
80
76
82
86
88
100
106
97
96
83
73
74
74
68
62
60
63
60
63
72
76
73
72
75
85
81
77
74
72
69
67
68
67
67
83
90
85
100
108
90
81
78
77
82
90
93
88
83
78
93
89
81
83
70
63
79
78
90
97
93
94
100
99
92
99
89
81
79
78
76
80
88
115
102
99
105
100
85
81
90
100
90
79
75
74
72
75
79
77
82
86
85
83
83
84
86
92
90
93
100
99
91
89
94
86
95
92
113
147
134
101
101
79
76
83
88
89
100
106
97
85
76
68
68
66
62
61
63
73
70
73
81
85
80
75
74
83
80
79
79
77
72
70
71
78
71
80
85
80
90
97
84
86
82
79
82
90
95
95
93
76
88
83
76
79
73
72
89
85
95
99
94
94
99
98
91
87
83
81
82
80
79
87
98
112
98
92
96
93
83
85
96
102
93
85
80
77
74
77
82
81
81
81
81
81
81
81
82
97
89
94
107
104
88
85
94
85
95
91
100
127
122
96
91
81
79
84
87
86
96
102
93
80
74
68
67
65
63
65
69
81
77
79
87
92
87
79
74
81
81
85
90
88
81
79
82
88
75
76
82
79
82
88
83
89
84
79
80
86
94
98
100
79
87
81
74
77
77
80
94
89
96
98
92
90
93
92
87
85
86
89
90
88
89
100
112
109
98
95
101
99
91
92
101
91
89
91
95
93
87
85
86
85
79
74
74
77
80
84
88
92
91
97
105
101
90
86
90
91
99
93
95
117
120
97
82
85
80
82
80
77
86
94
89
86
82
77
76
77
76
76
76
79
76
77
84
91
92
87
82
84
86
94
103
100
90
88
93
89
77
76
84
85
83
85
89
88
84
79
78
81
86
92
95
89
92
88
80
79
81
85
90
92
97
98
93
90
92
92
89
90
90
90
91
92
98
107
116
92
88
92
102
102
91
85
89
83
83
88
95
97
91
87
87
89
82
78
81
83
83
86
91
86
98
105
101
96
97
94
88
91
95
93
99
122
133
115
92
83
76
75
71
67
79
93
91
97
93
89
88
89
89
84
78
74
73
74
79
89
96
97
95
92
94
102
110
102
87
85
92
85
80
79
86
90
83
81
89
88
87
84
81
79
80
84
87
93
94
95
90
85
88
89
83
92
96
98
96
95
96
96
95
90
87
83
85
93
103
109
111
103
102
107
116
115
105
99
100
93
86
83
87
91
91
90
91
86
81
82
87
87
80
79
83
87
105
112
101
96
102
101
91
91
90
91
100
116
125
112
90
78
72
71
67
64
78
95
96
101
100
96
92
90
90
85
79
77
79
80
82
89
99
104
104
99
99
105
109
96
77
74
85
81
89
88
87
89
80
74
84
94
94
93
88
82
80
83
86
88
89
95
95
88
93
92
76
84
87
91
92
92
92
93
94
91
89
87
90
101
113
115
111
121
118
119
122
122
117
116
119
102
89
79
82
89
93
94
95
86
79
79
83
80
73
78
89
94
106
112
105
98
98
98
94
92
87
91
97
98
100
93
80
79
75
76
72
68
80
96
96
97
103
101
90
81
81
84
85
84
90
92
89
90
97
101
102
98
97
102
106
91
72
72
86
80
99
98
87
87
80
75
86
101
102
100
93
85
82
86
91
83
82
92
93
85
92
91
68
78
81
86
90
90
89
89
90
94
98
102
106
113
119
117
109
105
103
104
106
107
105
104
106
97
84
74
79
90
94
93
91
94
83
77
76
73
73
89
109
101
103
107
107
99
89
90
96
90
85
92
97
89
86
88
83
84
81
83
79
72
81
93
91
93
103
104
88
72
72
83
92
89
98
101
95
90
92
95
94
94
92
99
104
91
73
77
95
80
107
104
88
88
84
81
93
104
105
102
93
85
83
88
95
83
79
89
90
80
88
86
59
82
85
91
96
96
93
92
94
93
104
113
115
116
116
109
101
95
98
104
110
111
107
103
101
90
84
92
94
85
97
107
93
90
87
85
85
87
88
91
94
97
108
95
86
80
79
91
81
97
91
100
101
89
95
102
89
88
89
78
71
78
84
86
94
87
99
101
89
82
86
93
94
101
97
91
88
88
86
83
80
83
95
87
104
95
98
80
93
88
91
94
90
81
76
82
91
94
94
87
85
89
87
91
107
84
89
94
94
94
91
83
74
96
94
89
95
105
100
97
108
124
112
101
99
102
102
94
85
93
99
107
111
110
105
101
99
107
103
101
94
86
93
101
96
94
91
88
87
86
85
88
93
85
98
89
85
82
84
98
91
99
102
109
106
96
96
98
91
86
87
77
71
80
86
90
100
99
103
103
94
87
86
89
90
90
88
87
89
92
94
92
90
89
97
85
98
98
105
85
87
88
91
95
93
86
82
85
90
92
96
86
78
84
89
94
105
93
96
96
95
101
107
100
86
81
89
95
106
113
103
96
107
107
102
96
94
95
94
90
86
93
93
92
91
90
90
92
93
111
117
110
99
97
94
93
98
98
93
90
88
84
79
83
91
83
98
93
93
91
93
108
102
93
106
105
94
88
83
82
88
75
78
71
69
80
86
91
103
112
107
102
99
94
87
84
85
83
83
83
86
90
93
93
92
89
95
81
88
98
111
91
80
89
92
95
95
93
91
90
89
85
93
88
83
91
95
94
98
100
103
97
88
97
112
107
87
95
99
98
99
100
92
94
112
92
91
88
84
79
76
74
74
86
87
89
91
93
92
89
86
95
111
109
103
109
99
88
97
95
90
88
87
81
75
79
89
89
103
98
99
96
94
106
101
81
100
94
79
78
72
69
84
70
75
74
78
88
90
93
105
114
102
95
98
96
85
79
81
85
83
81
80
81
83
85
86
87
93
81
79
96
109
92
76
92
94
94
94
95
97
96
92
82
87
90
100
110
100
88
91
93
101
94
81
91
114
114
95
113
109
98
92
89
80
81
99
79
79
77
74
71
69
69
70
82
82
86
91
96
99
97
95
82
98
98
98
107
98
87
97
90
84
83
86
82
75
78
89
91
101
93
96
93
87
96
89
70
93
94
86
90
82
74
84
82
88
90
95
101
94
89
99
103
89
82
87
89
83
77
78
86
84
79
76
76
79
85
89
91
97
89
78
94
100
89
74
92
94
92
90
93
100
100
96
93
86
88
109
120
99
84
94
83
96
95
83
92
116
123
110
103
101
94
94
94
79
67
74
70
68
66
67
69
72
74
74
71
71
71
75
82
91
98
101
85
88
86
89
95
93
90
98
89
80
80
88
89
81
81
90
91
96
85
91
92
86
93
84
63
81
93
100
106
100
86
80
93
99
100
102
101
85
74
83
89
80
74
77
83
85
83
82
86
85
82
80
80
86
94
100
98
100
94
79
96
91
84
73
88
92
91
86
89
99
102
97
107
93
85
100
112
95
85
98
87
98
97
86
88
103
106
96
92
87
77
78
83
73
65
74
69
65
59
56
55
56
58
59
32
40
51
59
63
63
63
63
89
78
81
90
92
94
97
94
94
82
81
94
99
90
86
92
92
91
77
85
90
86
90
80
67
70
84
97
103
107
99
81
94
97
96
97
92
73
62
72
87
83
79
78
86
96
99
95
92
92
91
89
87
89
94
99
96
89
86
74
98
87
84
77
80
88
90
85
88
97
100
95
108
101
87
86
97
95
86
88
93
95
91
84
84
88
81
69
85
79
67
63
65
58
59
74
65
63
57
48
39
38
43
48
67
76
87
91
86
80
78
79
86
70
81
99
97
100
102
89
99
85
85
100
106
97
90
94
89
84
67
76
83
79
83
71
81
68
75
88
93
108
111
90
93
95
92
93
89
71
63
76
91
93
88
84
93
108
114
109
100
101
101
96
90
86
86
87
87
74
72
66
99
87
86
81
73
85
90
86
88
96
98
92
98
105
92
78
89
98
86
71
88
85
81
82
88
89
78
65
71
75
73
71
66
49
42
54
54
57
56
47
38
38
51
63
66
63
53
38
27
30
45
59
88
73
82
96
90
90
93
81
83
85
110
99
93
96
70
71
77
80
64
75
91
87
91
91
84
79
82
95
102
99
92
89
88
88
84
77
75
78
80
78
92
93
95
90
91
109
118
105
109
104
96
88
87
89
86
80
83
76
70
71
80
87
87
82
80
88
89
83
87
96
96
86
92
105
98
88
87
90
82
83
94
97
99
92
76
61
61
69
70
76
60
69
64
50
68
67
54
55
45
52
44
31
47
57
41
18
32
28
162
45
29
27
87
72
73
88
98
102
98
88
97
97
108
103
96
89
75
75
80
89
79
90
100
91
96
97
92
86
85
91
95
92
88
88
85
86
84
80
81
86
86
84
89
94
103
100
97
110
118
107
94
95
94
91
90
88
79
69
77
78
76
77
86
97
98
93
79
84
85
83
85
91
93
91
88
103
96
80
85
97
96
93
81
91
91
75
62
60
63
63
76
71
50
57
58
44
49
38
47
43
30
40
40
29
41
44
32
58
67
58
173
88
41
16
87
76
65
79
109
117
106
100
98
97
90
96
89
73
76
76
80
94
89
99
105
91
95
98
96
89
84
84
84
83
83
86
78
80
79
79
83
88
86
81
93
97
106
103
95
104
113
107
91
94
95
92
88
83
73
63
69
79
82
79
84
97
100
93
79
78
80
84
84
83
89
97
86
102
100
81
88
96
99
95
76
83
75
53
45
55
61
55
53
65
65
71
61
44
50
49
45
38
22
34
41
34
39
34
67
100
80
36
73
70
64
29
86
82
66
76
113
123
110
109
90
89
69
84
81
62
79
80
85
98
92
102
107
93
96
98
93
87
80
77
77
79
82
85
86
86
85
84
87
90
85
77
101
96
98
96
89
95
103
99
103
104
99
89
81
78
74
70
73
88
92
82
80
90
93
86
82
76
78
86
84
78
87
103
87
100
107
91
94
81
87
93
90
78
56
37
36
48
51
46
22
41
57
65
55
42
44
47
44
38
22
34
41
34
37
27
99
110
73
30
3
66
85
21
81
83
70
74
103
112
104
108
91
87
65
80
80
64
84
86
93
102
90
100
109
98
101
101
88
84
78
75
78
84
88
88
105
105
102
97
95
95
89
81
96
85
87
94
93
95
95
87
103
105
101
90
82
81
80
79
83
97
100
87
81
86
90
87
86
78
80
88
85
77
86
104
90
94
108
93
95
65
84
110
109
73
39
30
36
39
39
39
41
36
39
44
53
56
44
34
38
36
23
30
32
24
28
19
103
125
67
36
23
88
78
25
75
79
74
73
86
94
95
97
95
88
73
77
77
70
80
84
90
96
83
93
103
95
99
100
90
85
78
76
82
92
95
92
110
110
106
97
92
91
88
84
83
72
81
99
102
98
90
78
85
95
101
98
93
90
88
86
86
93
94
85
79
81
88
93
91
83
82
88
86
80
85
99
86
85
100
80
88
59
93
128
104
62
28
27
36
34
30
33
51
42
43
35
41
56
52
55
37
39
26
30
29
20
26
18
79
166
122
87
92
97
60
69
75
74
77
75
73
83
90
85
96
85
83
74
74
79
74
79
78
89
80
89
96
87
94
99
97
88
76
72
81
94
96
89
93
96
93
83
77
78
82
84
81
69
79
97
97
90
84
77
75
90
103
105
101
98
96
94
89
86
84
82
78
78
88
101
94
88
85
86
85
82
84
90
72
79
95
63
78
58
92
111
71
46
25
24
31
32
29
28
27
29
44
28
23
38
42
60
42
43
29
32
32
27
33
23
39
145
161
136
127
95
77
94
78
72
79
79
69
80
91
79
97
85
93
76
76
91
76
81
72
89
85
94
98
86
96
104
102
90
73
66
76
91
92
84
78
83
81
72
66
71
81
87
88
74
77
89
83
75
77
79
79
94
106
107
102
100
101
101
98
88
84
86
83
80
92
110
94
90
86
84
84
84
83
83
59
77
96
54
73
58
81
76
38
33
25
21
26
33
31
25
35
31
48
36
38
53
39
44
43
43
26
30
34
31
36
23
28
58
86
70
50
60
111
97
70
72
69
64
64
72
78
79
90
85
77
71
74
81
82
78
79
85
90
88
85
83
86
88
82
86
76
61
64
79
79
66
82
83
84
84
85
87
92
96
81
74
70
74
78
80
83
87
99
87
88
98
106
113
107
88
92
87
87
92
91
87
94
105
98
97
84
67
68
81
80
65
61
65
83
70
63
80
71
56
27
31
32
28
21
19
23
28
27
27
28
29
25
22
27
35
32
31
25
30
39
34
27
34
27
31
25
31
70
91
114
67
73
69
65
64
65
68
71
73
83
81
76
71
71
76
76
73
65
74
80
77
75
79
82
82
80
85
77
60
59
75
83
77
87
88
87
85
81
79
78
79
71
69
68
71
73
74
81
89
99
98
105
109
108
112
108
91
96
92
93
98
96
91
94
104
92
94
88
78
78
87
88
82
85
77
83
73
76
89
63
35
30
29
28
25
23
23
23
24
25
21
21
24
25
23
25
29
18
50
63
53
51
51
43
39
52
44
45
70
123
139
151
104
87
75
70
74
75
68
64
64
72
76
77
72
70
71
70
68
57
70
76
71
71
81
85
81
83
88
80
63
59
73
87
91
91
89
85
79
74
72
73
75
74
73
75
78
78
79
88
98
98
101
108
108
107
118
119
100
93
89
90
95
94
87
88
95
83
83
83
81
79
79
83
87
93
85
88
81
87
90
52
22
31
28
24
24
25
25
24
21
22
18
17
22
26
25
24
25
15
75
85
46
46
80
82
55
56
59
96
133
142
117
162
193
95
80
74
83
84
68
54
51
61
70
75
73
69
68
68
66
59
73
78
70
71
84
88
81
88
89
81
67
63
73
85
90
81
77
71
65
65
71
80
88
89
85
85
88
89
91
97
105
108
108
108
101
99
115
117
99
91
85
84
89
88
83
85
92
86
79
76
78
74
68
71
80
81
84
95
90
93
85
46
27
28
26
25
24
24
24
23
22
21
19
20
24
25
23
24
28
56
60
60
65
74
70
70
82
66
95
104
64
82
135
183
160
86
73
70
83
84
66
48
41
49
61
69
68
65
64
65
64
65
76
77
70
70
80
83
76
85
81
73
66
64
68
73
75
65
65
65
66
70
79
90
98
106
96
90
93
98
99
100
102
109
119
126
112
92
93
97
87
97
88
84
88
89
87
92
100
98
84
76
78
77
71
73
82
79
85
95
95
105
91
44
31
22
26
28
26
22
19
21
24
18
20
23
25
21
19
27
38
59
68
73
79
83
73
68
77
111
137
189
194
195
183
184
170
77
68
68
79
82
70
54
45
45
55
62
62
59
60
61
60
75
78
77
73
72
75
76
73
73
68
64
64
64
63
63
66
69
74
81
87
92
97
101
105
119
106
97
98
103
104
101
99
86
109
134
126
93
79
86
90
99
88
83
86
89
88
93
102
99
87
78
80
81
81
85
92
99
96
96
100
121
103
43
26
19
25
29
27
21
17
20
25
17
20
23
23
19
21
37
54
56
76
86
82
79
80
97
123
172
170
182
152
171
201
201
166
75
71
69
71
74
70
59
50
50
57
61
59
57
59
60
58
79
73
70
71
70
66
65
68
66
64
67
71
70
66
70
78
85
89
94
98
101
103
106
109
119
108
99
98
100
98
96
96
74
84
107
114
96
85
90
94
96
85
79
83
86
84
86
93
92
89
87
86
87
90
96
103
114
111
107
108
127
101
38
27
20
23
25
25
22
20
21
22
22
21
22
23
25
34
54
73
87
64
67
100
103
80
115
194
207
186
218
211
200
184
209
252
75
73
67
61
61
62
55
46
59
63
64
61
59
61
62
59
73
62
58
63
62
53
52
58
65
67
76
82
79
75
84
99
95
93
90
88
88
94
102
108
108
100
94
91
89
85
85
89
90
71
73
90
95
93
90
84
96
85
81
85
87
83
83
87
89
96
100
97
94
97
106
113
112
120
122
116
123
89
32
35
22
21
21
23
24
24
21
18
29
24
21
25
33
48
70
88
68
103
103
79
93
134
158
161
178
159
185
172
183
194
203
211
58
65
69
65
62
62
63
62
58
56
60
69
72
65
60
60
65
62
59
58
59
62
67
70
80
88
93
93
93
93
88
80
86
90
92
90
86
87
93
99
93
90
91
96
94
86
82
84
84
88
89
85
84
87
88
87
86
84
84
85
89
92
93
94
86
95
101
100
101
107
111
109
121
110
119
119
121
88
30
40
28
23
18
16
19
23
24
24
24
12
14
39
64
77
84
92
96
84
93
110
128
166
193
184
180
194
211
203
203
203
186
194
51
59
64
65
65
65
63
59
61
59
62
70
72
67
63
63
61
62
65
68
72
76
79
81
90
97
101
101
101
101
97
90
92
90
88
86
85
86
87
88
86
83
84
90
91
86
84
85
91
97
99
95
92
91
88
84
88
89
91
93
96
97
97
97
98
105
109
106
105
111
115
116
125
116
115
118
119
82
34
35
28
24
19
18
20
23
24
23
25
31
37
46
66
90
103
103
84
95
129
160
176
200
214
202
213
212
219
216
222
225
211
217
47
54
61
65
69
70
65
57
62
60
62
68
71
69
67
67
64
68
74
81
86
89
90
90
93
97
100
100
100
100
97
93
92
87
82
81
85
86
84
81
83
79
78
83
86
85
83
82
78
87
93
94
94
94
91
87
84
87
91
96
99
101
101
101
116
119
118
113
111
114
116
115
118
116
105
115
111
69
39
30
28
25
22
21
22
23
23
23
21
26
39
60
81
92
92
87
118
141
182
210
218
227
233
226
232
219
223
219
217
217
208
221
50
55
60
64
70
73
67
59
60
59
61
66
71
72
73
73
74
77
82
88
91
92
92
91
90
92
94
94
94
94
92
90
87
83
81
82
85
87
85
82
84
80
77
79
83
84
81
79
72
80
88
90
91
94
93
90
84
87
92
97
100
104
107
109
128
124
119
116
116
114
109
103
102
110
97
113
99
54
42
29
28
27
25
25
24
24
24
24
37
33
55
90
98
86
101
134
209
220
236
242
238
240
248
251
234
218
227
220
201
189
184
201
55
58
58
60
65
69
67
60
60
62
64
68
74
79
81
80
80
82
84
86
88
89
89
89
91
91
92
93
93
92
91
91
84
85
87
88
87
86
84
83
81
80
79
80
83
86
85
82
87
93
96
93
92
93
93
91
97
99
101
102
103
107
113
117
125
116
109
111
116
114
104
94
95
106
101
112
86
42
41
29
28
28
28
27
26
25
26
27
39
45
69
93
90
93
148
217
252
250
242
234
231
229
231
237
237
211
220
217
196
182
169
170
58
60
59
57
60
65
66
63
64
67
70
73
79
86
87
85
80
80
81
83
84
86
87
87
88
87
88
92
92
88
87
88
87
90
94
94
91
85
80
77
74
79
82
83
86
91
93
91
92
96
97
93
92
96
98
98
107
108
107
103
101
102
108
114
112
104
100
105
111
110
103
98
105
107
110
109
74
39
37
30
29
29
29
27
26
26
29
31
30
45
66
90
117
154
196
225
228
228
219
219
226
218
204
206
215
178
182
186
176
173
151
131
59
63
64
61
62
67
70
70
67
72
74
75
80
86
86
80
79
80
81
82
83
83
83
83
84
82
84
90
90
84
82
84
88
90
93
96
97
91
80
71
70
80
87
87
87
92
95
95
89
94
95
93
93
97
100
100
106
108
108
105
101
100
105
110
106
102
102
104
102
99
102
109
119
102
111
97
61
43
34
34
29
30
29
27
26
27
32
36
45
58
82
121
168
201
201
187
201
205
200
207
222
208
185
184
168
134
142
142
131
138
125
100
60
67
70
68
67
71
76
76
67
73
75
74
77
82
80
73
81
82
84
85
84
81
78
76
86
83
86
92
92
86
83
86
87
85
87
95
102
98
83
69
70
83
92
90
87
90
93
93
99
103
103
98
95
95
95
92
104
108
111
111
108
107
111
116
107
108
109
105
94
88
100
116
126
94
105
84
52
48
35
37
29
30
29
27
25
28
34
39
51
65
99
142
165
164
159
161
170
174
166
171
186
171
147
149
133
113
130
120
94
105
108
94
75
74
73
73
74
77
79
81
76
75
74
73
73
74
75
76
88
80
77
79
80
80
85
94
95
84
83
92
91
81
79
88
89
82
77
80
89
93
89
84
98
91
89
93
96
95
93
94
110
104
100
96
87
80
89
106
106
106
106
106
108
111
115
117
96
104
107
101
97
101
107
109
121
113
131
66
30
55
31
35
35
23
34
40
16
43
39
31
79
122
72
101
147
148
133
129
156
141
128
141
161
147
118
106
113
111
108
105
102
100
98
98
74
74
73
73
75
78
81
83
79
78
77
77
78
81
84
85
83
80
80
84
86
85
87
92
97
85
80
85
88
83
80
82
85
81
79
83
90
95
93
90
92
91
95
103
105
102
98
98
108
106
106
106
104
102
106
113
109
111
113
112
110
109
109
110
111
113
109
99
95
101
108
110
123
122
121
62
36
51
33
35
29
32
32
31
21
41
40
71
69
120
91
110
121
111
109
115
111
115
117
123
125
108
98
107
105
104
102
100
98
97
96
96
72
72
72
73
75
79
82
84
80
79
77
76
77
80
83
86
81
81
84
90
91
88
86
87
84
75
67
68
75
80
78
74
85
84
85
88
93
96
97
97
97
97
101
105
104
99
97
100
97
102
105
107
111
115
114
110
109
114
117
115
107
101
99
100
102
102
100
99
105
115
121
122
111
120
90
46
37
39
31
31
30
40
26
25
36
52
37
77
91
126
103
108
88
79
90
100
91
94
94
103
111
102
94
102
99
98
97
96
96
96
96
96
71
72
72
74
76
79
82
83
83
81
78
75
75
77
80
82
85
86
88
90
89
85
81
79
70
68
62
60
68
79
83
80
91
93
95
96
96
97
98
99
108
104
102
99
94
90
93
101
92
101
104
100
101
108
109
104
102
108
113
109
100
93
93
96
98
98
99
105
113
118
114
108
96
110
59
31
38
31
32
31
33
35
26
39
65
93
59
58
110
114
86
91
70
77
92
94
89
90
90
99
114
110
101
105
99
98
98
97
97
98
99
99
76
76
77
78
80
82
84
85
84
83
80
78
78
80
83
85
91
91
89
84
81
79
76
74
72
76
76
73
76
85
93
95
101
103
105
103
100
98
98
99
105
102
100
99
94
92
96
104
98
107
108
97
91
96
102
102
91
97
103
102
97
96
100
106
118
110
104
105
107
102
90
80
95
104
46
31
45
32
38
36
32
28
44
70
86
131
98
55
87
84
72
90
74
85
91
85
77
92
100
103
104
97
97
110
100
100
99
99
99
99
100
100
82
82
83
83
83
84
84
84
75
75
75
77
79
82
85
87
92
91
86
78
74
76
76
74
82
85
88
88
87
89
95
101
105
107
108
107
104
101
99
98
95
96
101
107
107
103
103
106
100
106
106
96
86
86
93
99
86
92
99
101
102
105
112
118
117
104
94
94
98
96
91
87
99
94
43
35
45
32
37
34
38
41
72
94
86
122
97
55
60
76
92
112
86
81
71
71
83
91
91
92
99
97
92
97
99
99
98
98
99
99
100
101
83
83
83
82
81
79
78
77
69
70
73
76
79
82
84
85
86
86
82
74
73
79
82
81
86
83
87
95
95
91
92
100
102
103
104
105
106
104
102
100
104
102
105
110
111
105
100
99
93
94
97
98
94
88
90
95
93
97
103
107
108
108
110
111
106
94
86
91
97
99
98
98
97
74
42
37
39
32
33
30
50
61
85
105
93
98
61
48
54
79
100
112
81
70
59
78
95
93
81
80
94
98
90
89
96
97
97
98
100
102
104
105
80
80
79
78
75
73
71
70
74
76
79
82
84
85
85
85
79
81
79
73
75
84
89
88
87
79
83
98
104
97
95
101
97
97
99
103
106
107
105
103
124
115
108
107
103
96
90
88
90
87
94
106
107
99
94
97
104
106
110
111
110
105
100
96
116
105
98
100
100
92
83
79
95
61
43
41
38
37
36
33
55
70
82
109
116
96
38
49
51
70
78
83
62
66
67
103
85
97
93
81
78
77
85
101
96
96
98
100
103
106
109
111
80
76
73
71
72
74
76
77
78
83
87
89
88
83
73
64
76
75
76
82
91
95
94
90
95
98
102
105
102
98
98
100
102
104
103
98
98
104
108
109
104
105
111
105
90
88
91
84
91
98
102
98
96
98
96
92
101
103
96
85
84
95
100
97
103
90
93
102
99
95
93
86
82
60
42
41
41
35
32
36
64
81
83
92
102
68
40
57
53
65
76
78
73
69
68
70
91
90
86
89
93
86
91
112
97
104
105
98
102
122
146
159
76
75
74
74
76
78
79
80
90
87
85
83
81
79
79
80
85
85
86
90
94
97
96
95
103
104
105
104
100
98
99
101
99
103
104
98
96
101
108
111
100
100
104
100
89
90
94
86
92
100
103
100
97
96
92
87
78
84
89
90
91
92
90
87
95
87
93
100
95
93
97
95
77
56
40
39
39
34
32
34
51
66
72
78
80
56
38
49
48
74
95
91
76
68
72
77
76
101
97
76
87
111
110
96
91
86
94
125
168
198
203
195
70
72
75
79
82
84
85
85
93
87
85
86
82
78
83
94
90
93
96
99
101
103
106
108
110
110
107
103
99
98
99
100
104
108
107
99
93
95
100
102
105
101
103
98
88
90
91
82
77
85
91
93
93
94
93
89
90
89
88
88
85
82
85
92
94
84
84
86
82
92
110
118
69
51
37
36
37
33
31
34
39
52
64
64
56
44
39
40
57
77
85
70
57
64
80
89
84
101
103
97
103
107
102
101
116
141
175
195
190
183
198
222
68
72
78
83
86
86
87
87
83
82
87
95
92
83
86
98
92
97
102
104
105
108
115
121
110
111
108
102
98
99
99
98
102
104
102
96
94
97
99
98
101
97
100
99
92
94
94
82
74
79
86
89
91
93
94
94
105
97
93
92
86
79
85
97
85
77
81
87
89
101
115
117
62
48
36
35
36
34
33
34
35
49
64
60
44
41
43
36
62
68
62
47
50
71
85
85
98
98
94
96
98
95
108
136
169
172
190
211
212
200
205
222
76
81
85
87
85
83
82
82
78
81
90
99
98
91
92
101
100
105
108
106
102
103
110
117
104
107
106
100
99
101
99
94
94
93
91
90
97
105
106
101
87
86
94
98
95
99
99
86
94
94
96
96
95
93
95
97
101
98
99
104
98
85
82
88
77
75
88
103
109
113
107
91
57
47
37
35
36
36
35
35
35
50
66
59
42
42
44
35
51
61
63
58
63
76
80
73
100
106
96
90
115
152
182
202
197
177
176
206
230
230
225
227
88
90
92
90
85
81
80
82
85
89
93
96
96
97
101
105
112
113
111
104
97
95
99
104
101
105
103
98
98
102
99
91
98
96
92
90
94
99
98
93
89
89
96
97
90
91
90
79
97
97
99
101
101
99
100
105
125
116
106
98
90
82
80
82
97
90
93
100
104
111
105
87
53
46
39
36
37
37
36
35
34
50
59
52
44
40
38
37
47
58
65
61
56
61
73
81
81
88
99
128
175
208
224
236
201
196
205
223
227
219
222
236
89
92
93
91
87
86
90
95
94
101
102
96
97
105
106
100
109
108
105
99
95
94
98
102
104
107
103
94
95
102
100
92
99
102
100
93
89
89
89
88
97
96
101
97
85
85
88
80
91
92
99
107
109
106
107
111
140
125
102
81
74
78
82
82
110
100
97
95
96
107
110
97
50
46
40
36
36
37
36
34
32
49
46
39
44
37
31
43
48
48
50
51
50
55
73
91
87
113
144
176
202
207
210
223
213
199
198
216
233
234
229
227
83
87
90
90
90
94
103
111
96
108
110
102
103
112
107
91
97
97
95
94
95
100
106
111
108
110
103
91
92
101
101
93
85
95
100
94
87
87
94
99
92
93
100
96
87
92
102
99
99
101
109
118
118
111
107
109
110
104
88
74
74
84
84
76
93
95
105
110
108
113
110
93
47
45
39
35
34
36
35
32
32
48
37
30
44
36
28
50
42
33
37
56
70
73
76
83
150
220
245
209
192
215
232
230
224
213
206
212
220
220
218
217
79
83
89
94
97
100
103
105
97
101
100
95
94
99
101
98
101
96
96
101
104
102
99
99
108
92
85
90
92
89
98
113
105
102
98
95
95
96
96
96
87
84
91
104
106
96
92
96
114
111
113
120
118
104
90
84
87
91
89
82
86
98
101
94
95
106
116
110
104
117
119
101
48
45
42
41
39
36
34
35
34
35
39
43
41
37
39
44
45
41
52
64
55
57
113
183
226
243
216
189
206
218
215
227
221
202
184
204
205
204
218
190
93
95
98
99
98
97
98
98
96
102
103
95
89
90
94
95
105
98
93
95
96
95
96
98
90
83
81
87
91
95
105
119
97
92
86
83
83
86
87
88
81
76
80
95
103
102
104
111
113
107
104
106
105
100
98
100
85
86
90
97
102
105
109
113
105
108
116
112
97
93
96
90
51
46
43
42
40
36
35
36
37
36
37
40
39
36
40
46
47
63
61
53
83
150
202
217
208
231
211
185
202
215
208
211
206
189
175
193
194
190
199
172
100
102
103
102
99
97
96
96
97
105
107
99
89
88
93
97
97
91
89
92
93
90
89
91
86
86
87
87
87
91
99
106
93
89
85
81
81
83
87
90
97
90
91
103
111
109
107
108
99
93
89
89
91
96
107
117
111
103
105
116
117
111
115
127
119
111
113
110
89
78
87
96
55
47
42
42
41
36
35
37
38
35
35
37
37
36
40
47
42
42
49
75
119
163
186
190
186
208
193
168
174
177
162
155
161
157
154
167
166
167
185
180
94
97
100
101
100
100
100
101
103
106
107
101
95
93
96
100
86
86
92
99
99
92
86
85
86
92
93
86
82
84
87
87
86
90
93
91
86
87
94
101
113
107
107
115
118
110
98
90
84
86
90
94
98
106
118
127
127
117
111
114
117
116
118
124
120
110
108
103
88
87
103
114
59
48
41
41
41
35
34
37
37
34
35
39
40
38
41
45
53
42
62
111
137
129
131
150
159
166
154
139
137
124
106
102
116
123
132
139
136
145
176
197
92
95
100
102
103
104
105
106
107
103
98
96
95
93
91
91
89
90
94
100
98
90
84
84
81
88
89
84
80
81
81
78
77
88
100
100
93
90
97
106
112
105
102
106
108
103
93
85
87
98
111
119
122
123
123
123
104
104
101
102
111
121
118
107
99
98
102
99
94
106
120
117
63
48
39
41
40
34
33
37
34
33
36
42
44
42
41
42
50
63
78
90
105
122
130
129
123
113
107
111
110
92
83
92
97
104
117
126
136
148
164
187
101
104
106
106
105
103
103
103
103
94
88
88
89
85
82
80
96
91
88
86
82
77
78
83
91
90
90
89
86
82
77
74
81
93
106
109
103
100
104
110
117
107
96
91
93
95
96
95
100
112
125
131
130
124
113
104
88
97
102
104
112
118
106
84
76
83
96
100
100
113
119
107
68
50
38
41
42
34
33
39
34
33
37
45
48
45
42
42
39
52
58
62
85
116
121
106
94
76
74
88
90
80
82
96
92
98
118
137
165
175
162
172
112
113
112
109
103
98
94
93
93
87
83
86
87
84
83
86
96
91
86
83
79
77
82
89
105
97
96
102
104
96
89
89
99
103
108
112
114
114
111
109
116
108
96
88
89
97
105
109
115
121
124
121
118
113
102
90
95
102
109
111
109
101
88
77
77
77
91
102
100
104
113
115
73
53
40
44
44
36
35
42
37
35
37
44
49
47
45
45
47
42
47
68
91
101
95
87
73
63
65
74
79
87
99
104
99
117
150
165
186
187
162
177
116
115
113
108
99
92
87
85
85
83
85
90
91
89
94
102
95
94
95
96
94
92
96
103
106
95
96
113
123
118
114
118
112
106
103
108
117
119
111
103
97
95
91
88
93
104
115
121
127
126
119
110
107
108
102
92
100
99
104
108
99
82
78
86
91
80
89
103
96
93
114
135
77
55
42
46
47
38
37
44
41
36
36
43
47
47
47
48
44
45
45
52
67
80
78
69
58
60
67
70
80
108
127
121
116
149
192
191
187
173
152
185
88
97
100
99
93
78
76
92
101
91
90
100
105
100
95
96
95
99
104
106
105
105
107
110
121
123
123
120
120
121
118
113
95
98
105
113
114
105
92
84
95
97
99
99
101
110
124
136
124
115
111
105
95
101
115
118
105
92
82
82
80
77
83
95
100
106
99
95
106
112
113
117
82
39
45
42
33
41
33
36
38
37
37
37
38
40
42
44
48
42
48
63
69
62
56
59
63
61
65
72
84
134
110
108
133
149
166
141
199
175
162
183
91
96
91
83
80
75
79
95
92
94
101
110
112
105
98
95
100
105
111
115
116
118
122
126
133
134
131
123
115
107
96
87
91
101
108
103
89
80
84
93
78
88
103
116
122
121
116
111
111
104
107
111
108
114
119
113
102
91
84
85
82
75
78
87
95
103
100
99
110
114
112
114
79
39
44
44
36
38
30
36
36
36
35
35
37
39
41
42
37
44
49
49
49
52
57
60
58
54
63
92
93
107
99
120
127
145
155
133
177
215
204
180
83
94
91
86
90
90
91
98
100
107
111
108
103
100
97
93
105
110
114
116
115
115
118
121
122
123
120
112
105
102
96
90
99
95
89
83
81
82
84
85
80
96
117
128
127
118
109
104
106
100
108
117
118
118
112
97
84
78
78
84
86
83
85
92
98
108
105
104
113
114
107
107
82
43
41
46
42
37
30
38
35
34
34
34
35
37
40
41
39
50
52
44
45
57
61
56
52
61
65
95
87
83
102
131
113
142
165
149
156
213
213
185
82
94
93
90
100
107
108
112
110
113
107
95
92
100
105
102
108
110
111
108
103
100
100
102
102
104
103
98
99
105
110
111
95
88
78
77
85
94
95
91
112
121
128
124
111
104
109
117
111
105
111
117
112
107
97
80
75
72
75
82
87
88
93
99
111
117
110
102
107
107
100
100
92
54
38
45
48
40
34
39
35
35
34
34
36
38
40
41
48
49
47
48
58
66
62
50
59
81
71
79
73
76
114
126
106
133
169
165
174
194
197
203
92
99
93
90
101
110
113
121
106
108
105
101
106
116
115
106
99
102
103
101
98
97
99
102
103
108
109
106
105
109
111
111
84
91
92
85
84
96
113
124
137
131
122
113
107
107
110
113
113
106
108
107
97
92
89
79
84
80
79
82
85
87
92
97
114
116
103
91
95
96
94
97
100
69
37
40
49
41
36
36
36
36
35
35
36
39
41
42
44
40
44
54
60
60
62
68
84
95
77
76
77
76
110
109
104
126
154
142
202
197
197
219
96
104
107
113
120
111
102
106
108
112
117
122
125
120
104
88
83
87
92
95
97
101
108
113
110
120
127
125
120
115
108
103
99
101
96
89
95
113
127
131
130
119
109
111
119
119
108
95
109
100
98
96
87
89
94
90
85
83
81
81
84
89
95
100
98
100
88
78
85
90
90
95
101
85
45
39
48
39
36
32
36
36
35
35
37
39
41
42
39
44
57
68
65
61
79
104
108
96
88
89
96
79
95
99
95
133
154
112
181
185
195
220
102
106
112
123
125
104
90
100
116
114
115
117
114
101
88
82
88
91
95
97
98
101
108
113
115
125
133
130
123
117
111
106
116
112
104
102
114
127
122
106
108
109
112
115
116
112
103
96
112
98
92
91
89
94
99
92
83
82
82
82
85
91
97
100
78
85
80
76
86
90
88
91
97
104
65
48
49
37
37
32
35
34
34
34
35
37
40
41
45
59
78
88
88
90
101
114
109
96
107
90
99
93
100
106
101
136
154
115
151
177
192
205
119
107
96
99
98
84
88
115
116
104
95
92
86
81
88
100
110
112
111
107
102
100
102
105
124
130
131
123
115
112
112
111
107
122
132
128
122
117
105
90
94
112
126
119
100
90
101
117
120
102
93
93
93
99
98
86
90
90
88
85
84
86
88
87
68
79
79
80
91
93
87
87
93
118
83
60
52
37
40
35
33
33
32
33
34
36
38
40
52
69
86
99
113
122
111
93
96
102
124
76
86
109
119
118
126
124
133
132
155
201
201
188
131
116
99
90
89
93
104
114
89
86
85
85
85
90
104
119
106
114
113
105
104
110
108
99
121
105
112
129
125
117
124
133
134
121
129
131
110
105
114
111
103
113
110
93
90
105
115
112
102
95
102
112
110
108
102
89
107
82
76
85
81
78
87
95
87
87
89
91
93
94
97
101
99
113
114
92
63
45
39
39
35
36
37
35
33
33
38
42
57
74
83
99
118
113
109
130
99
82
96
69
69
99
88
106
124
122
117
119
169
189
168
210
137
118
99
96
99
99
95
91
87
84
83
85
87
93
106
118
106
105
107
110
111
108
105
104
122
106
103
110
116
127
135
131
128
115
113
107
99
114
125
113
125
110
99
97
96
95
100
109
105
99
104
110
105
103
102
93
92
86
82
75
71
85
96
90
92
90
87
85
86
94
106
117
107
111
113
100
71
43
35
42
36
37
37
35
33
33
36
40
34
65
81
85
99
105
110
126
109
90
102
71
60
90
84
89
132
120
93
135
176
178
158
231
126
115
106
104
103
95
85
80
85
82
82
87
93
97
105
114
110
100
100
110
111
101
98
105
90
91
101
109
118
134
137
120
114
107
101
96
106
133
139
117
118
101
88
90
97
99
102
107
102
96
99
99
93
96
100
94
86
83
82
75
69
82
95
91
83
88
93
93
93
97
104
110
116
112
116
117
93
56
39
45
38
39
38
35
33
32
34
36
32
61
73
72
89
107
108
106
106
88
104
74
53
90
95
84
136
148
88
123
163
185
179
246
102
107
112
108
94
81
82
90
84
82
85
94
99
100
101
104
109
99
93
97
99
97
98
103
107
113
125
126
115
114
111
98
94
95
97
106
124
142
134
111
92
97
92
84
92
110
110
96
95
87
85
84
83
92
100
93
96
78
77
85
75
69
81
94
78
86
92
91
89
92
98
102
115
110
113
119
107
76
50
40
41
40
39
36
34
33
33
34
42
50
54
66
97
121
113
93
99
84
105
79
53
92
106
82
121
159
108
128
170
175
186
242
97
102
107
102
87
77
83
95
85
85
90
99
102
98
94
92
93
91
84
79
88
104
113
112
140
126
125
126
116
112
114
112
88
89
96
113
128
124
109
99
84
99
103
96
97
106
103
88
91
82
79
80
84
101
109
99
105
85
83
88
76
66
76
87
84
85
79
68
68
83
101
111
109
104
97
95
95
86
62
40
44
42
40
38
36
35
33
32
38
32
40
66
98
119
113
94
95
86
103
81
52
85
102
74
91
139
148
168
191
127
157
235
111
105
100
96
91
84
83
86
85
86
91
97
97
90
86
86
74
79
78
77
92
117
128
123
139
117
112
123
124
120
112
100
99
101
100
109
117
104
90
94
88
92
101
110
106
95
93
98
88
83
84
87
93
112
121
111
105
100
96
83
71
77
83
75
72
75
72
65
71
89
103
108
112
102
85
76
82
88
77
58
46
44
41
40
39
38
35
33
35
30
44
64
76
89
94
84
86
84
92
75
53
78
99
79
75
146
198
175
164
97
147
224
120
114
108
105
98
88
82
81
85
85
87
89
85
79
80
85
74
77
83
95
111
123
124
119
126
122
126
125
112
100
82
58
100
109
101
94
103
97
86
91
94
94
98
102
97
87
87
95
78
83
93
94
95
112
124
117
108
102
97
86
77
84
89
78
63
71
74
75
85
101
105
100
109
96
84
81
84
84
79
74
47
45
42
41
42
41
37
34
39
37
47
51
54
75
87
70
89
90
84
69
56
72
96
92
78
149
210
162
130
104
137
180
115
120
125
120
102
85
82
88
85
83
82
80
75
72
78
87
87
83
94
116
128
120
110
107
91
112
128
113
89
90
95
84
85
104
94
79
91
97
86
84
104
112
106
84
74
80
79
69
66
80
96
96
91
105
119
116
117
93
87
96
89
81
86
91
77
79
75
72
83
103
111
106
96
85
84
93
91
75
69
75
48
45
43
43
44
42
39
35
38
34
37
35
47
89
102
69
107
108
88
69
57
64
87
92
85
117
178
174
140
114
98
127
106
104
121
141
129
92
77
85
77
83
85
79
72
74
84
93
92
118
126
104
93
105
113
107
116
111
108
106
101
95
94
97
106
96
90
84
77
84
89
81
97
92
95
96
91
89
79
59
55
66
77
83
91
102
109
108
98
83
84
77
91
83
99
106
97
80
90
95
75
80
97
86
88
101
99
98
78
58
73
82
67
55
37
36
49
47
37
37
38
44
42
38
49
72
87
90
95
119
112
68
42
54
70
69
64
126
178
169
126
107
127
153
105
98
111
135
133
104
82
80
81
73
64
63
73
88
100
105
104
107
102
93
95
109
120
123
102
97
95
97
97
94
93
95
81
77
80
82
80
89
94
85
91
87
91
93
86
82
70
49
45
51
60
74
91
103
99
88
77
75
91
91
99
81
90
94
100
88
92
95
82
81
83
70
75
87
82
86
77
61
64
55
77
71
53
44
49
46
37
36
33
41
45
44
53
68
76
74
93
112
107
72
48
54
63
62
60
114
159
157
133
121
119
117
92
88
104
134
143
120
90
76
74
68
66
71
81
88
89
88
109
97
92
101
112
113
107
103
89
82
80
86
90
89
86
84
73
73
82
88
86
92
93
81
92
86
86
84
76
74
65
47
44
60
75
80
79
80
85
88
84
84
100
92
93
72
85
95
99
96
96
98
97
93
85
75
65
73
62
67
72
72
72
52
69
74
61
44
44
45
40
39
33
44
52
55
61
68
68
61
88
100
97
73
54
52
55
54
53
98
137
142
132
124
109
92
78
86
109
138
147
128
98
79
73
77
83
87
85
80
80
83
105
94
91
104
116
112
96
82
83
74
70
77
84
82
75
70
74
75
85
89
85
88
88
76
84
77
76
74
72
80
83
73
73
84
90
83
69
65
74
85
84
82
96
89
91
71
85
95
83
90
88
86
93
93
87
88
72
76
56
48
52
63
74
58
58
73
64
43
39
42
40
40
35
44
51
55
59
63
62
56
81
86
83
70
56
51
51
51
49
79
114
130
126
114
103
96
85
100
121
136
136
122
104
91
89
83
79
81
82
83
91
101
97
93
87
87
96
102
96
85
78
69
64
71
79
78
70
65
70
70
78
80
74
79
82
73
67
64
70
77
81
96
106
99
100
90
81
78
80
80
75
71
66
66
87
90
100
80
84
84
71
82
78
67
68
70
73
80
80
87
63
42
32
35
52
44
53
69
64
44
40
42
41
41
34
38
40
41
45
51
55
54
70
72
70
62
53
50
50
52
51
59
85
119
130
115
100
96
106
119
128
126
120
115
108
99
95
76
64
72
85
87
83
81
88
91
90
86
84
85
80
72
71
62
59
67
76
78
73
69
82
78
80
74
63
66
71
64
66
67
79
87
89
98
101
91
89
86
86
90
90
87
85
85
87
76
83
79
91
74
80
80
85
90
87
70
57
59
67
69
73
84
70
56
39
30
40
34
31
45
44
37
42
46
44
46
38
37
34
34
38
46
54
59
58
63
62
54
48
48
50
49
56
44
58
102
133
124
96
78
115
123
125
120
121
124
113
95
90
70
60
70
81
78
68
61
87
84
86
88
79
65
60
64
66
59
57
65
74
77
76
75
89
84
81
70
55
56
61
55
74
74
81
84
81
87
90
80
72
81
93
94
83
76
88
105
106
85
78
62
70
58
73
79
88
86
91
80
61
67
78
66
67
76
70
72
62
44
43
32
18
26
27
31
44
45
41
45
42
38
35
35
39
46
54
60
47
59
61
50
43
47
48
43
54
46
50
78
110
117
92
63
108
116
119
122
134
139
117
85
91
74
62
63
66
66
74
85
95
75
66
72
65
51
62
88
66
60
57
64
72
74
75
76
75
71
69
61
48
51
59
54
71
66
69
70
70
83
95
92
78
74
73
74
72
72
83
96
81
66
67
56
64
51
64
71
67
61
76
77
60
73
85
62
74
75
66
76
72
50
40
22
32
32
29
36
48
42
31
33
39
35
33
35
38
42
48
54
40
57
63
49
41
46
46
37
49
56
56
59
79
100
89
63
107
118
111
118
128
132
133
111
71
53
52
64
70
74
72
62
64
55
59
65
60
62
68
67
57
59
67
69
70
80
78
59
55
56
51
46
52
60
56
45
36
43
55
68
80
86
83
76
62
61
77
84
87
73
56
77
74
65
61
62
62
58
58
62
42
33
31
42
54
59
61
64
90
87
101
81
49
36
22
21
37
31
27
32
42
48
45
39
51
37
47
40
31
38
33
34
51
56
58
52
47
47
47
46
49
51
48
59
84
130
94
59
112
122
113
118
126
130
136
119
68
44
37
49
59
68
71
65
56
49
54
62
59
63
70
70
61
59
64
68
72
83
78
56
38
48
54
49
48
54
56
52
56
54
52
55
64
74
80
81
52
47
55
57
63
56
35
46
48
46
49
55
55
48
41
39
35
28
27
35
42
44
46
49
68
67
86
72
45
36
25
26
31
30
28
30
33
38
41
42
47
33
44
38
32
42
39
41
43
49
51
47
43
44
45
45
47
49
46
54
75
120
86
54
116
126
116
118
123
127
139
128
88
53
32
36
44
53
57
51
47
40
48
58
58
63
72
73
67
61
62
65
69
77
68
44
30
52
67
63
55
58
68
74
61
52
41
37
43
52
61
67
47
40
39
34
47
50
28
29
32
32
37
44
45
38
31
28
29
26
27
30
31
30
30
33
51
50
73
65
44
37
27
29
24
28
30
27
24
27
36
44
48
34
44
38
32
43
42
45
37
44
47
43
41
43
46
46
44
48
44
47
64
108
77
49
116
126
118
121
123
124
138
132
112
67
36
34
38
44
45
40
41
35
44
55
56
62
72
72
71
64
64
64
61
62
52
31
15
40
58
52
42
47
62
73
51
42
34
34
36
38
41
43
43
39
36
26
41
55
36
34
36
33
32
34
36
37
37
37
27
29
31
31
28
25
25
28
50
47
70
66
45
37
27
29
20
25
29
27
23
24
32
41
55
40
47
39
31
41
39
42
39
45
47
44
42
45
48
49
43
47
42
43
57
101
74
51