112
92
3
3
3
3
3
3
3
3
2
2
2
2
2
2
2
2
2
2
2
2
2
2
2
2
2
2
2
2
2
2
2
2
3
3
3
2
2
1
1
1
1
1
1
1
1
1
1
1
1
1
1
1
1
1
1
1
1
1
1
1
1
1
1
1
0
0
0
0
0
0
0
0
9
0
0
0
2
0
1
5
1
0
0
2
5
17
43
69
63
30
44
42
29
32
45
88
47
37
26
23
28
34
35
33
34
34
33
32
32
31
30
30
3
3
3
3
3
3
3
3
2
2
2
2
2
2
2
2
2
2
2
2
2
2
2
2
2
2
2
2
2
2
2
2
3
3
3
2
2
1
1
1
1
1
1
1
1
1
1
1
1
1
1
1
1
1
1
1
1
1
1
1
1
1
1
1
0
0
0
0
0
0
0
0
0
0
2
4
3
0
0
0
0
9
5
0
16
54
66
53
44
37
39
27
35
69
73
61
33
29
26
27
32
36
37
36
34
34
33
32
32
31
30
30
3
3
3
3
3
3
3
3
2
2
2
2
2
2
2
2
2
2
2
2
2
2
2
2
2
2
2
2
2
2
2
2
3
3
3
2
2
1
1
1
1
1
1
1
1
1
1
1
1
1
1
1
1
1
1
1
1
1
1
1
1
1
1
1
0
0
0
0
0
0
0
0
0
0
5
4
1
1
0
0
3
0
1
25
55
71
63
49
40
35
29
43
61
74
65
24
22
25
29
33
36
37
36
35
34
34
33
32
32
31
30
30
3
3
3
3
3
3
3
3
2
2
2
2
2
2
2
2
2
2
2
2
2
2
2
2
2
2
2
2
2
2
2
2
3
3
3
2
2
1
1
1
1
1
1
1
1
1
1
1
1
1
1
1
1
1
1
1
1
1
1
1
1
1
1
1
1
1
1
1
1
1
1
1
0
2
3
0
0
3
6
4
0
0
23
60
78
67
49
41
51
32
33
92
98
52
40
25
24
30
36
38
37
34
32
33
34
34
33
32
32
31
30
30
3
3
3
3
3
3
3
3
2
2
2
2
2
2
2
2
2
2
2
2
2
2
2
2
2
2
2
2
2
2
2
2
3
3
3
2
2
1
1
1
1
1
1
1
1
1
1
1
1
1
1
1
1
1
1
1
1
1
1
1
1
1
1
1
1
1
1
1
1
1
1
1
1
1
0
0
0
2
2
0
0
40
72
68
58
55
45
28
30
31
44
90
73
19
24
28
31
35
40
39
35
32
33
35
34
34
33
32
32
31
30
30
3
3
3
3
3
3
3
3
2
2
2
2
2
2
2
2
2
2
2
2
2
2
2
2
2
2
2
2
2
2
2
2
3
3
3
2
2
1
1
1
1
1
1
1
1
1
1
1
1
1
1
1
1
1
1
1
1
1
1
1
1
1
1
1
2
2
2
2
2
2
2
2
0
0
0
3
2
0
0
2
46
71
86
70
44
32
35
40
27
60
73
54
20
14
30
20
34
36
38
37
35
34
36
39
34
34
33
32
32
31
30
30
3
3
3
3
3
3
3
3
2
2
2
2
2
2
2
2
2
2
2
2
2
2
2
2
2
2
2
2
2
2
2
2
3
3
3
2
2
1
1
1
1
1
1
1
1
1
1
1
1
1
1
1
1
1
1
1
1
1
1
1
1
1
1
1
2
2
2
2
2
2
2
2
3
0
0
6
2
0
11
34
95
78
66
60
46
30
34
52
67
81
88
47
19
36
43
34
35
36
36
36
35
35
37
38
34
34
33
32
32
31
30
30
3
3
3
3
3
3
3
3
2
2
2
2
2
2
2
2
2
2
2
2
2
2
2
2
2
2
2
2
2
2
2
2
3
3
3
2
2
1
1
1
1
1
1
1
1
1
1
1
1
1
1
1
1
1
1
1
1
1
1
1
1
1
1
1
2
2
2
2
2
2
2
2
8
0
0
4
0
0
31
74
100
85
56
34
40
58
56
37
77
43
49
39
28
32
25
41
37
37
36
36
35
34
33
32
34
34
33
32
32
31
30
30
3
3
3
3
3
3
3
3
2
2
2
2
2
2
2
2
2
2
2
2
2
2
2
2
2
2
2
2
2
2
2
2
1
1
1
1
1
1
1
1
1
1
1
1
1
1
1
1
2
1
1
0
0
1
1
2
2
2
2
2
2
2
2
2
0
1
3
4
4
3
2
1
11
0
8
9
0
7
48
223
195
75
66
46
57
79
75
44
55
51
46
40
35
32
31
31
26
37
40
34
33
40
40
34
38
36
34
32
31
32
33
33
3
3
3
3
3
3
3
3
2
2
2
2
2
2
2
2
2
2
2
2
2
2
2
2
2
2
2
2
2
2
2
2
1
1
1
1
1
1
1
1
1
1
1
1
1
1
1
1
2
1
1
0
0
1
1
2
2
2
2
2
2
2
2
2
0
1
2
2
2
1
0
0
6
0
9
0
0
62
110
225
238
63
25
25
27
27
29
23
21
20
18
15
14
14
14
14
14
25
30
25
22
23
18
8
23
26
30
33
33
29
25
22
3
3
3
3
3
3
3
3
2
2
2
2
2
2
2
2
2
2
2
2
2
2
2
2
2
2
2
2
2
2
2
2
1
1
1
1
1
1
1
1
1
1
1
1
1
1
1
1
2
1
1
0
0
1
1
2
2
2
2
2
2
2
2
2
2
2
2
2
2
1
0
0
0
12
0
0
55
97
84
197
255
58
0
13
6
0
6
5
2
2
2
3
4
4
5
5
0
11
17
15
16
20
19
14
0
0
2
4
5
6
6
6
3
3
3
3
3
3
3
3
2
2
2
2
2
2
2
2
2
2
2
2
2
2
2
2
2
2
2
2
2
2
2
2
1
1
1
1
1
1
1
1
1
1
1
1
1
1
1
1
2
1
1
0
0
1
1
2
2
2
2
2
2
2
2
2
4
4
4
3
2
2
1
0
3
6
0
42
104
78
22
136
237
59
4
17
2
9
18
0
5
6
7
7
7
6
6
5
2
6
8
6
9
20
28
30
20
14
5
0
0
0
7
11
3
3
3
3
3
3
3
3
2
2
2
2
2
2
2
2
2
2
2
2
2
2
2
2
2
2
2
2
2
2
2
2
1
1
1
1
1
1
1
1
1
1
1
1
1
1
1
1
2
1
1
0
0
1
1
2
2
2
2
2
2
2
2
2
3
3
2
1
1
1
1
1
4
0
42
95
68
41
29
89
202
58
7
23
2
11
20
1
7
8
8
8
7
6
5
4
8
9
6
1
1
7
14
17
33
29
22
15
9
6
5
5
3
3
3
3
3
3
3
3
2
2
2
2
2
2
2
2
2
2
2
2
2
2
2
2
2
2
2
2
2
2
2
2
1
1
1
1
1
1
1
1
1
1
1
1
1
1
1
1
2
1
1
0
0
1
1
2
2
2
2
2
2
2
2
2
1
0
0
0
0
0
0
1
0
43
77
63
17
27
41
86
209
70
1
27
6
0
6
10
5
5
5
5
5
6
6
6
2
4
6
5
3
3
3
4
2
8
17
22
21
14
4
0
3
3
3
3
3
3
3
3
2
2
2
2
2
2
2
2
2
2
2
2
2
2
2
2
2
2
2
2
2
2
2
2
1
1
1
1
1
1
1
1
1
1
1
1
1
1
1
1
2
1
1
0
0
1
1
2
2
2
2
2
2
2
2
2
1
1
0
0
1
2
4
5
26
89
56
10
22
44
38
101
239
100
0
23
13
2
0
13
7
6
5
4
4
5
7
8
0
1
4
6
6
5
7
9
0
5
13
20
23
21
17
14
3
3
3
3
3
3
3
3
2
2
2
2
2
2
2
2
2
2
2
2
2
2
2
2
2
2
2
2
2
2
2
2
1
1
1
1
1
1
1
1
1
1
1
1
1
1
1
1
2
1
1
0
0
1
1
2
2
2
2
2
2
2
2
2
5
4
4
4
5
7
10
11
83
68
12
12
48
70
59
108
254
123
3
14
15
16
3
7
10
8
5
3
2
2
4
5
7
4
2
1
0
1
6
12
23
16
7
0
0
3
11
16
3
3
3
3
3
3
3
3
2
2
2
2
2
2
2
2
2
2
2
2
2
2
2
2
1
1
1
1
1
1
1
1
1
1
1
1
1
1
1
1
1
1
1
2
2
3
3
3
1
1
1
1
1
1
1
1
1
1
1
1
1
1
1
1
0
10
1
0
5
0
15
69
49
17
16
41
42
37
99
116
246
177
0
17
15
13
15
5
6
5
4
4
2
2
1
0
1
2
3
4
3
2
0
0
4
8
12
16
17
15
12
9
3
3
3
3
3
3
3
3
2
2
2
2
2
2
2
2
2
2
2
2
2
2
2
2
1
1
1
1
1
1
1
1
1
1
1
1
1
1
1
1
1
1
1
2
2
3
3
3
1
1
1
1
1
1
1
1
1
1
1
1
1
1
1
1
5
0
2
4
0
35
78
80
3
19
40
56
53
44
135
194
255
195
4
21
12
6
8
4
5
4
4
3
3
2
2
1
3
3
4
5
4
3
2
1
2
3
4
6
6
7
6
6
3
3
3
3
3
3
3
3
2
2
2
2
2
2
2
2
2
2
2
2
2
2
2
2
1
1
1
1
1
1
1
1
1
1
1
1
1
1
1
1
1
1
1
2
2
3
3
3
1
1
1
1
1
1
1
1
1
1
1
1
1
1
1
1
7
0
5
0
0
36
55
25
9
31
40
40
41
32
134
199
255
217
22
22
9
3
5
6
3
3
3
3
3
3
3
3
4
4
5
5
4
4
3
2
1
0
0
0
0
0
3
5
3
3
3
3
3
3
3
3
2
2
2
2
2
2
2
2
2
2
2
2
2
2
2
2
1
1
1
1
1
1
1
1
1
1
1
1
1
1
1
1
1
1
1
2
2
3
3
3
1
1
1
1
1
1
1
1
2
2
2
2
2
2
2
2
0
6
0
9
63
72
30
1
21
6
0
9
30
42
160
191
255
233
32
18
9
7
6
11
2
3
3
3
3
3
3
4
4
4
4
3
3
2
2
2
2
1
0
0
0
1
3
5
3
3
3
3
3
3
3
3
2
2
2
2
2
2
2
2
2
2
2
2
2
2
2
2
1
1
1
1
1
1
1
1
1
1
1
1
1
1
1
1
1
1
1
2
2
3
3
3
1
1
1
1
1
1
1
1
2
2
2
2
2
2
2
2
0
0
0
42
98
82
24
1
18
0
11
28
29
39
192
211
250
244
38
11
11
13
5
11
2
3
3
3
3
3
3
4
2
2
2
1
1
0
0
0
1
2
2
3
3
3
3
3
3
3
3
3
3
3
3
3
2
2
2
2
2
2
2
2
2
2
2
2
2
2
2
2
1
1
1
1
1
1
1
1
1
1
1
1
1
1
1
1
1
1
1
2
2
3
3
3
1
1
1
1
1
1
1
1
3
3
3
3
3
3
3
3
2
8
54
81
52
28
29
21
6
16
60
67
28
1
180
226
241
255
47
8
13
17
2
8
3
3
3
3
3
3
3
3
2
1
0
0
0
0
0
0
0
0
3
4
4
3
1
0
3
3
3
3
3
3
3
3
2
2
2
2
2
2
2
2
2
2
2
2
2
2
2
2
1
1
1
1
1
1
1
1
1
1
1
1
1
1
1
1
1
1
1
2
2
3
3
3
1
1
1
1
1
1
1
1
3
3
3
3
3
3
3
3
1
41
90
77
26
29
65
70
10
34
58
61
48
0
161
228
227
255
57
9
14
18
1
12
5
4
4
3
3
2
2
1
3
2
1
0
0
0
1
1
0
0
2
3
3
1
0
0
3
3
3
3
3
3
3
3
2
2
2
2
2
2
2
2
2
2
2
2
2
2
2
2
1
1
1
1
1
1
1
1
1
1
1
1
1
1
1
1
1
1
1
2
2
3
3
3
1
1
1
1
1
1
1
1
3
3
3
3
3
3
3
3
24
81
72
24
33
64
64
53
67
68
36
35
77
17
139
198
214
255
64
11
15
19
3
19
6
5
4
4
2
2
1
0
5
4
2
1
0
1
2
3
1
1
2
2
2
1
1
0
3
3
3
3
3
3
3
3
2
2
2
2
2
2
2
2
1
1
1
1
1
1
1
1
1
1
1
1
1
1
1
1
1
1
1
1
1
1
1
1
1
1
1
1
1
1
1
1
1
1
1
1
1
1
1
1
0
9
0
0
10
1
0
19
87
87
35
24
70
45
59
80
77
44
45
38
166
74
109
245
204
255
69
8
15
10
8
16
11
6
2
4
4
1
1
3
1
1
1
1
1
1
1
1
2
2
2
2
2
2
2
2
3
3
3
3
3
3
3
3
2
2
2
2
2
2
2
2
1
1
1
1
1
1
1
1
1
1
1
1
1
1
1
1
1
1
1
1
1
1
1
1
1
1
1
1
1
1
1
1
1
1
1
1
1
1
1
1
0
16
4
1
9
0
15
111
105
25
22
57
64
52
84
65
42
33
53
54
187
114
121
231
187
255
73
12
21
14
7
11
12
6
2
4
4
2
1
3
1
1
1
1
1
1
1
1
2
2
2
2
2
2
2
2
3
3
3
3
3
3
3
3
2
2
2
2
2
2
2
2
1
1
1
1
1
1
1
1
1
1
1
1
1
1
1
1
1
1
1
1
1
1
1
1
1
1
1
1
1
1
1
1
1
1
1
1
1
1
1
1
0
0
0
9
0
21
95
144
74
33
53
57
69
77
76
37
51
52
58
28
132
82
74
182
178
253
84
12
21
15
8
10
12
6
3
4
4
2
1
3
1
1
1
1
1
1
1
1
2
2
2
2
2
2
2
2
3
3
3
3
3
3
3
3
2
2
2
2
2
2
2
2
1
1
1
1
1
1
1
1
1
1
1
1
1
1
1
1
1
1
1
1
1
1
1
1
1
1
1
1
1
1
1
1
1
1
1
1
1
1
1
1
14
0
4
2
10
75
105
55
22
44
81
52
75
93
70
45
48
55
60
26
115
108
113
255
176
255
99
8
15
12
9
12
12
6
3
4
5
2
2
4
2
2
2
2
2
2
2
2
2
2
2
2
2
2
2
2
3
3
3
3
3
3
3
3
2
2
2
2
2
2
2
2
1
1
1
1
1
1
1
1
1
1
1
1
1
1
1
1
1
1
1
1
1
1
1
1
1
1
1
1
1
1
1
1
1
1
1
1
1
1
1
1
0
19
0
1
73
96
49
20
53
47
79
59
64
64
51
47
60
58
58
31
94
91
57
206
161
253
113
8
14
12
8
10
13
7
3
5
5
3
2
4
2
2
2
2
2
2
2
2
2
2
2
2
2
2
2
2
3
3
3
3
3
3
3
3
2
2
2
2
2
2
2
2
1
1
1
1
1
1
1
1
1
1
1
1
1
1
1
1
1
1
1
1
1
1
1
1
1
1
1
1
1
1
1
1
1
1
1
1
1
1
1
1
0
0
5
53
90
63
36
58
75
83
61
36
87
64
28
49
60
50
49
41
101
115
47
197
137
242
126
11
19
16
7
4
13
7
4
5
6
3
2
4
3
3
3
3
3
3
3
3
2
2
2
2
2
2
2
2
3
3
3
3
3
3
3
3
2
2
2
2
2
2
2
2
1
1
1
1
1
1
1
1
1
1
1
1
1
1
1
1
1
1
1
1
1
1
1
1
1
1
1
1
1
1
1
1
1
1
1
1
1
1
1
1
15
2
56
94
50
27
53
61
46
82
49
64
159
99
37
71
55
51
51
38
81
116
37
198
129
242
139
14
21
19
9
5
13
7
4
6
6
3
3
5
3
3
3
3
3
3
3
3
2
2
2
2
2
2
2
2
3
3
3
3
3
3
3
3
2
2
2
2
2
2
2
2
1
1
1
1
1
1
1
1
1
1
1
1
1
1
1
1
1
1
1
1
1
1
1
1
1
1
1
1
1
1
1
1
1
1
1
1
1
1
1
1
0
41
85
70
31
45
74
66
73
50
68
170
215
89
34
52
33
53
66
45
66
112
35
208
138
251
148
13
18
19
13
11
13
8
4
6
6
3
3
5
3
3
3
3
3
3
3
3
2
2
2
2
2
2
2
2
3
3
3
3
3
3
3
3
3
3
3
3
3
3
3
3
1
1
1
1
1
1
1
1
1
1
1
1
1
1
1
1
1
1
1
1
1
1
1
1
1
1
1
1
1
1
1
1
6
0
0
8
1
1
6
0
35
89
78
30
37
66
70
67
63
63
55
153
149
45
42
49
40
56
55
43
72
116
27
178
143
214
177
9
21
14
11
6
14
9
4
3
5
6
5
3
4
4
3
3
3
3
3
3
1
0
7
3
1
1
0
8
3
3
3
3
3
3
3
3
3
3
3
3
3
3
3
3
1
1
1
1
1
1
1
1
1
1
1
1
1
1
1
1
1
1
1
1
1
1
1
1
1
1
1
1
1
1
1
1
0
13
0
0
15
8
0
22
77
63
40
47
76
77
63
67
57
147
159
75
53
43
65
63
49
63
58
39
56
99
18
170
145
193
176
21
34
7
10
17
14
9
4
3
5
6
5
3
3
4
4
4
4
4
4
4
5
2
0
0
13
18
6
2
3
3
3
3
3
3
3
3
3
3
3
3
3
3
3
3
1
1
1
1
1
1
1
1
1
1
1
1
1
1
1
1
1
1
1
1
1
1
1
1
1
1
1
1
1
1
1
1
0
9
0
0
7
0
3
72
81
42
32
68
89
68
52
60
119
200
225
54
25
41
61
91
34
35
30
34
68
109
3
110
87
178
210
14
17
16
29
1
14
9
4
3
5
6
5
3
2
3
3
4
4
5
6
6
6
1
0
10
9
0
0
12
3
3
3
3
3
3
3
3
2
2
2
2
2
2
2
2
1
1
1
1
1
1
1
1
1
1
1
1
1
1
1
1
1
1
1
1
1
1
1
1
1
1
1
1
1
1
1
1
3
0
3
6
0
18
61
83
21
34
66
91
92
94
110
121
93
98
132
42
33
43
52
95
79
82
70
51
49
98
44
178
172
173
196
18
30
10
19
3
14
9
4
3
5
6
5
3
1
1
2
3
4
5
6
6
0
11
0
0
4
18
24
13
3
3
3
3
3
3
3
3
2
2
2
2
2
2
2
2
1
1
1
1
1
1
1
1
1
1
1
1
1
1
1
1
1
1
1
1
1
1
1
1
1
1
1
1
1
1
1
1
4
4
1
0
27
83
85
32
39
69
87
64
34
37
48
42
59
45
74
44
12
43
61
58
45
70
95
109
96
115
29
116
166
144
204
44
32
0
9
11
14
9
4
3
5
6
5
3
0
0
1
2
3
4
5
5
8
3
0
15
3
0
5
11
3
3
3
3
3
3
3
3
1
1
1
1
1
1
1
1
1
1
1
1
1
1
1
1
1
1
1
1
1
1
1
1
1
1
1
1
1
1
1
1
1
1
1
1
1
1
1
1
0
8
0
20
70
60
20
18
71
81
80
75
85
104
110
104
133
126
143
96
8
34
79
60
63
49
40
59
66
107
24
81
127
120
213
52
15
11
17
9
14
9
4
3
5
6
5
3
1
1
2
3
3
4
4
5
20
0
0
25
6
0
24
1
3
3
3
3
3
3
3
3
1
1
1
1
1
1
1
1
1
1
1
1
1
1
1
1
1
1
1
1
1
1
1
1
1
1
1
1
1
1
1
1
1
1
1
1
1
1
1
1
0
0
10
56
76
26
22
97
73
81
83
106
153
175
173
177
176
167
189
109
20
31
90
102
89
85
80
85
60
96
43
114
199
112
177
53
23
23
12
17
14
9
4
3
5
6
5
3
5
5
5
5
5
5
5
5
4
18
0
0
11
126
166
20
3
3
3
3
3
3
3
3
1
1
1
1
1
1
1
1
1
1
1
1
1
1
1
1
1
1
1
1
1
1
1
1
1
1
1
1
1
1
1
1
1
1
1
1
1
1
1
1
5
0
32
65
57
66
129
189
55
87
100
120
160
166
151
159
174
168
196
76
22
36
85
102
92
96
108
128
95
107
21
58
94
85
207
72
4
25
15
8
14
9
4
3
5
6
5
3
8
8
8
7
7
7
7
7
0
10
12
8
0
98
190
100
3
3
3
3
3
3
3
3
1
1
1
1
1
1
1
1
1
1
1
1
1
1
1
1
1
1
1
1
1
1
1
1
1
1
1
1
1
1
1
1
3
0
2
3
0
2
6
3
8
32
40
62
85
81
113
63
55
166
110
113
168
156
176
165
158
173
194
90
19
35
82
109
90
102
92
113
95
97
44
62
136
92
191
68
19
14
19
13
11
8
4
2
3
6
7
7
0
9
10
14
8
11
18
6
10
11
11
0
19
94
143
130
3
3
3
3
3
3
3
3
1
1
1
1
1
1
1
1
1
1
1
1
1
1
1
1
1
1
1
1
1
1
1
1
1
1
1
1
1
1
1
1
0
7
2
0
5
4
0
3
48
39
36
50
89
77
96
117
157
159
112
119
158
157
156
151
164
174
191
86
16
34
85
115
90
102
97
118
99
96
39
50
130
82
183
84
20
26
15
10
11
8
4
3
4
6
7
7
3
0
10
16
12
0
5
7
18
4
22
23
0
76
164
114
3
3
3
3
3
3
3
3
1
1
1
1
1
1
1
1
1
1
1
1
1
1
1
1
1
1
1
1
1
1
1
1
1
1
1
1
1
1
1
1
0
8
0
0
5
0
3
35
67
48
49
48
78
55
93
203
162
81
79
113
146
166
153
166
158
173
200
107
39
48
86
110
94
101
100
119
101
94
40
45
151
91
179
96
13
29
14
17
12
9
5
4
5
6
7
7
6
42
28
0
23
22
19
25
0
8
0
0
27
98
158
133
3
3
3
3
3
3
3
3
2
2
2
2
2
2
2
2
1
1
1
1
1
1
1
1
1
1
1
1
1
1
1
1
1
1
1
1
1
1
1
1
6
0
0
3
0
0
34
75
72
57
55
56
76
63
138
254
127
57
87
129
154
169
151
168
156
170
202
117
52
55
86
108
98
98
103
119
102
93
46
45
138
81
171
104
17
23
15
18
13
10
6
5
6
7
7
7
0
158
164
9
18
0
0
7
7
59
123
186
197
111
71
150
3
3
3
3
3
3
3
3
2
2
2
2
2
2
2
2
1
1
1
1
1
1
1
1
1
1
1
1
1
1
1
1
1
1
1
1
1
1
1
1
9
0
2
2
0
31
73
63
92
71
44
50
68
75
163
197
97
83
96
124
156
164
148
153
164
165
187
101
38
46
86
116
99
96
112
128
111
94
47
34
79
53
150
111
35
20
18
10
13
11
8
7
7
8
7
6
4
111
134
13
12
0
44
134
177
181
163
73
28
17
28
134
3
3
3
3
3
3
3
3
3
3
3
3
3
3
3
3
1
1
1
1
1
1
1
1
1
1
1
1
1
1
1
1
1
1
1
1
1
1
1
1
4
0
5
2
11
69
81
17
54
57
45
69
106
144
250
254
99
105
88
102
147
164
156
148
161
159
182
101
42
45
83
113
98
93
122
140
122
94
40
13
76
81
130
113
32
16
22
14
14
12
9
8
9
9
7
6
6
90
165
86
86
157
188
150
72
22
0
0
33
2
0
157
3
3
3
3
3
3
3
3
3
3
3
3
3
3
3
3
1
1
1
1
1
1
1
1
1
1
1
1
1
1
1
1
1
1
1
1
1
1
1
1
0
2
4
20
52
68
45
10
51
60
56
59
95
123
200
230
133
117
104
116
149
165
154
146
153
152
181
109
52
49
79
105
100
90
124
139
122
90
39
6
129
158
121
124
18
21
22
19
15
12
10
9
10
9
7
6
17
65
186
199
140
70
9
0
0
13
1
40
88
47
53
159
3
3
3
3
3
3
3
3
3
3
3
3
3
3
3
3
1
1
1
1
1
1
1
1
1
1
1
1
1
1
1
1
1
1
1
1
1
1
1
1
0
3
2
44
85
41
3
40
69
61
55
55
124
153
189
250
111
73
97
125
144
161
149
151
158
150
171
96
39
41
77
110
104
87
118
130
114
86
44
12
157
208
118
146
19
35
17
12
15
13
11
10
10
9
7
5
7
86
107
21
0
19
0
11
7
4
20
108
110
71
92
54
3
3
3
3
3
3
3
3
3
3
3
3
3
3
3
3
2
2
2
2
2
2
2
2
3
3
3
3
3
3
3
3
4
0
1
5
1
0
0
6
0
4
51
75
39
11
15
18
66
63
138
173
168
147
179
238
123
112
112
102
150
161
150
152
151
147
163
89
47
50
74
100
92
99
115
125
110
72
35
16
110
186
109
144
49
42
5
17
14
15
14
11
15
18
12
1
12
71
109
5
1
0
14
24
18
29
39
23
19
18
1
8
3
3
3
3
3
3
3
3
3
3
3
3
3
3
3
3
2
2
2
2
2
2
2
2
3
3
3
3
3
3
3
3
0
4
5
0
1
9
8
0
0
38
59
39
19
16
22
26
52
159
205
63
55
46
166
252
101
89
99
103
154
161
149
151
154
155
174
97
48
48
74
104
97
101
113
122
109
72
35
16
49
114
85
126
27
11
24
31
10
12
16
16
11
12
29
50
0
70
125
15
27
68
46
43
45
35
26
10
20
34
23
29
3
3
3
3
3
3
3
3
3
3
3
3
3
3
3
3
2
2
2
2
2
2
2
2
3
3
3
3
3
3
3
3
2
4
2
0
0
2
1
0
39
76
57
13
13
20
16
23
75
226
184
53
76
83
152
234
91
72
86
102
154
158
148
153
154
159
183
104
50
48
78
113
104
103
110
118
106
72
36
17
83
111
95
147
59
20
33
0
16
11
15
20
11
3
21
52
36
40
72
61
59
65
50
59
31
28
29
21
30
33
14
16
3
3
3
3
3
3
3
3
2
2
2
2
2
2
2
2
2
2
2
2
2
2
2
2
2
2
2
2
2
2
2
2
12
0
0
5
1
0
3
30
81
63
26
10
22
20
9
14
85
234
150
60
96
90
151
255
105
71
83
102
149
152
148
156
149
155
179
103
52
52
82
116
109
104
107
113
103
71
37
17
74
121
97
148
59
9
28
13
22
8
2
10
20
28
46
64
75
97
114
128
100
138
125
21
30
39
46
25
16
19
18
41
3
3
3
3
3
3
3
3
2
2
2
2
2
2
2
2
2
2
2
2
2
2
2
2
2
2
2
2
2
2
2
2
5
0
0
5
2
2
33
73
61
15
0
15
19
18
19
13
77
226
176
42
91
59
172
251
113
72
85
106
148
149
146
150
148
149
170
97
52
55
81
109
109
103
105
111
101
70
36
17
64
162
115
170
95
36
20
21
6
11
24
49
81
109
122
123
165
121
55
49
137
255
175
5
44
78
108
95
86
89
87
106
3
3
3
3
3
3
3
3
1
1
1
1
1
1
1
1
2
2
2
2
2
2
2
2
1
1
1
1
1
1
1
1
0
7
7
0
0
22
50
64
24
1
10
21
8
16
30
17
79
222
182
69
92
73
170
240
108
67
87
110
148
150
145
139
150
147
164
92
51
53
75
99
104
101
105
111
99
67
34
17
79
220
146
162
84
22
16
46
70
111
159
186
185
158
112
74
58
47
67
71
155
203
45
33
35
88
138
142
152
166
148
142
3
3
3
3
3
3
3
3
1
1
1
1
1
1
1
1
2
2
2
2
2
2
2
2
1
1
1
1
1
1
1
1
0
8
5
0
11
37
41
25
13
16
22
18
11
15
22
21
78
226
174
74
60
64
153
255
108
66
87
107
142
150
148
135
147
144
163
91
50
53
74
97
97
98
105
112
98
64
32
17
91
255
202
186
119
73
126
175
188
167
133
96
68
57
63
73
76
110
142
103
109
108
11
35
34
75
101
82
98
142
149
149
3
3
3
3
3
3
3
3
1
1
1
1
1
1
1
1
2
2
2
2
2
2
2
2
1
1
1
1
1
1
1
1
6
0
0
10
39
52
35
10
15
21
7
6
23
15
7
28
86
228
190
42
92
88
167
242
117
72
86
99
132
148
152
138
141
141
162
92
50
54
77
103
92
95
106
113
98
63
31
16
60
209
187
229
255
211
201
134
110
87
74
84
99
115
141
167
197
228
226
187
97
43
49
18
37
83
101
64
70
120
136
140
3
3
3
2
2
1
1
1
2
2
2
2
2
2
2
2
1
1
1
1
1
1
1
1
0
0
0
1
0
0
4
8
0
3
7
26
47
40
21
16
15
21
9
16
23
25
34
22
82
246
174
80
86
84
155
255
117
68
80
104
149
155
148
139
146
141
144
89
61
50
73
102
96
89
112
111
88
65
33
22
64
149
117
131
129
98
91
95
92
133
106
145
193
209
178
153
122
102
89
105
89
50
40
30
31
103
117
70
57
55
108
159
3
3
3
2
2
1
1
1
2
2
2
2
2
2
2
2
1
1
1
1
1
1
1
1
0
2
3
0
0
5
4
0
2
9
20
38
50
40
23
18
13
20
18
26
9
3
9
25
85
251
182
68
103
80
145
247
120
70
81
103
146
152
148
142
145
146
151
91
61
52
77
103
98
91
111
111
91
66
33
23
55
128
111
101
101
99
116
128
171
148
160
140
88
133
161
115
123
125
93
78
73
48
31
17
30
111
122
64
62
55
74
97
3
3
2
2
2
2
1
1
2
2
2
2
2
2
2
2
1
1
1
1
1
1
1
1
0
3
4
0
1
5
2
0
10
20
36
52
55
42
26
18
17
9
8
28
16
26
21
49
110
255
192
66
121
85
150
255
122
74
84
104
143
149
148
145
144
152
159
94
61
55
81
103
99
93
110
110
94
67
30
23
55
98
115
104
129
146
143
120
113
90
86
88
158
181
134
130
132
175
129
78
78
60
36
28
34
137
149
64
68
58
52
57
2
2
2
2
2
2
2
2
2
2
2
2
2
2
2
2
1
1
1
1
1
1
1
1
0
0
2
3
0
0
0
2
24
29
46
60
57
46
32
17
23
15
9
19
6
30
26
55
114
241
191
94
128
86
144
255
123
76
88
106
143
146
146
144
140
155
164
95
60
57
82
102
98
95
109
108
95
64
24
23
60
111
185
156
134
118
110
101
99
93
107
123
183
144
80
76
79
151
110
55
68
56
34
43
33
158
179
62
64
60
53
61
2
2
2
2
2
2
2
2
2
2
2
2
2
2
2
2
1
1
1
1
1
1
1
1
4
0
0
6
1
0
1
23
38
36
51
63
57
52
38
15
7
25
28
21
3
33
57
88
121
228
202
148
144
104
143
249
124
77
89
107
143
145
143
141
137
153
163
95
60
56
81
100
95
96
107
105
95
59
17
24
67
93
167
141
113
96
96
106
73
98
102
121
163
114
101
113
142
190
129
73
84
57
20
25
27
154
185
52
60
63
58
63
1
1
2
2
2
2
3
3
2
2
2
2
2
2
2
2
1
1
1
1
1
1
1
1
6
0
0
5
3
0
15
40
45
40
56
68
58
55
45
14
5
24
18
17
33
58
96
94
145
241
203
146
136
114
149
255
128
78
87
104
141
144
141
138
136
147
157
95
62
55
78
99
91
98
109
105
95
54
11
27
69
62
98
100
109
118
107
105
92
84
69
127
162
95
90
117
113
126
70
46
76
65
39
33
27
138
181
50
66
70
59
50
1
1
1
2
2
3
3
3
2
2
2
2
2
2
2
2
1
1
1
1
1
1
1
1
3
2
0
0
7
22
37
46
44
42
65
77
59
56
49
17
22
24
5
30
92
94
133
91
140
248
186
85
121
110
140
255
135
80
82
97
136
142
141
138
137
141
151
96
66
55
76
100
89
101
112
106
95
50
7
31
65
88
110
113
104
112
101
102
104
73
121
171
103
70
96
97
93
95
63
55
65
56
41
20
29
126
187
60
67
65
60
51
1
1
1
2
2
3
3
3
2
2
2
2
2
2
2
2
1
1
1
1
1
1
1
1
0
8
4
0
11
42
54
45
40
43
73
85
61
56
51
19
10
22
23
81
173
163
227
184
124
255
198
65
152
134
145
255
140
81
78
91
131
140
141
139
139
138
147
97
70
56
75
101
88
104
115
108
96
48
6
35
68
97
95
109
118
147
127
110
92
167
170
102
72
109
89
110
77
93
94
90
71
57
53
26
24
119
196
67
57
49
58
63
2
2
2
2
2
2
2
2
1
1
1
1
1
1
1
1
0
0
0
5
5
0
0
0
6
0
12
7
32
59
38
56
96
45
76
97
68
48
35
35
11
31
95
192
251
207
234
128
122
249
209
57
203
180
130
250
145
98
84
86
113
113
119
132
124
126
112
61
79
54
90
106
107
104
98
99
88
27
0
50
84
90
86
131
150
139
92
95
169
140
84
55
73
89
99
119
92
77
68
88
70
65
47
41
33
84
153
72
63
61
57
53
2
2
2
2
2
2
2
2
1
1
1
1
1
1
1
1
2
1
0
0
0
4
5
3
5
0
7
2
30
58
36
38
46
91
74
90
78
88
52
17
22
123
210
237
255
242
223
96
138
245
184
108
233
135
162
252
138
95
89
99
122
100
99
114
124
128
100
57
91
43
61
116
96
89
127
139
81
27
26
48
70
88
118
114
141
105
132
178
112
84
54
60
80
72
67
89
87
82
69
74
62
76
50
19
28
74
148
79
58
51
58
58
2
2
2
2
2
2
2
2
1
1
1
1
1
1
1
1
2
4
1
0
0
3
4
1
5
29
68
132
131
55
17
17
75
71
100
104
89
255
172
20
121
197
243
252
255
186
99
90
128
255
188
207
200
120
138
255
154
117
91
67
78
51
64
80
75
77
123
100
74
51
76
56
92
101
85
90
88
20
0
70
93
87
96
104
199
183
154
117
85
63
44
54
74
69
65
79
83
70
49
54
50
72
50
20
29
53
123
80
58
52
62
56
2
2
2
2
2
2
2
2
1
1
1
1
1
1
1
1
0
0
2
5
1
0
0
5
34
87
58
163
145
8
38
18
75
58
83
99
67
156
113
126
220
232
255
255
233
163
92
164
193
251
193
128
173
136
146
255
129
133
127
98
112
78
85
81
58
100
103
52
75
66
70
107
97
100
103
87
28
0
43
89
77
132
144
127
141
141
111
89
90
81
64
58
72
84
81
72
67
49
41
70
65
67
46
35
36
33
86
74
62
60
66
48
2
2
2
2
2
2
2
2
1
1
1
1
1
1
1
1
3
0
0
9
3
0
4
32
80
48
83
59
61
70
11
44
106
110
70
112
79
80
183
234
252
251
249
180
93
122
122
147
154
227
205
107
197
165
136
240
144
146
131
98
116
66
93
107
76
73
42
42
135
119
61
98
110
104
70
35
12
44
104
100
88
135
146
122
100
98
88
82
100
86
78
80
86
87
72
52
53
56
71
105
87
74
45
33
39
30
72
75
61
55
64
51
2
2
2
2
2
2
2
2
1
1
1
1
1
1
1
1
7
0
0
4
3
1
27
63
60
68
69
79
80
56
35
30
51
77
87
95
74
121
255
246
254
255
204
146
119
116
70
73
125
250
191
115
184
151
147
255
156
165
172
167
183
76
78
92
81
82
87
75
121
144
113
119
77
55
14
71
142
128
109
98
83
112
160
140
104
90
148
188
143
90
70
89
90
71
62
63
71
89
96
101
71
72
50
29
33
45
81
85
58
44
63
73
2
2
2
2
2
2
2
2
1
1
1
1
1
1
1
1
4
1
0
0
5
21
45
65
66
68
74
92
82
40
25
42
109
99
90
104
209
251
240
255
253
213
104
112
138
100
94
127
124
233
196
107
245
179
193
226
158
173
165
141
163
66
88
104
73
104
86
75
205
255
133
41
28
10
102
255
236
132
118
96
115
120
150
149
111
153
233
255
207
121
74
83
80
68
78
95
100
104
94
89
61
68
50
31
30
59
86
91
67
53
76
101
2
2
2
2
2
2
2
2
1
1
1
1
1
1
1
1
0
6
6
0
10
36
50
47
76
75
81
72
76
71
40
38
65
95
100
121
164
206
252
248
162
131
133
201
153
123
179
105
124
242
195
112
200
223
223
255
172
214
200
140
158
78
98
85
59
44
73
79
134
220
140
16
45
92
162
255
217
101
95
119
105
139
161
194
124
216
239
216
240
153
93
82
76
81
98
104
108
93
87
108
88
75
45
30
30
64
79
89
80
73
92
118
2
2
2
2
2
2
2
2
1
1
1
1
1
2
3
4
6
8
0
14
19
38
100
92
64
87
79
77
87
51
20
42
70
93
90
93
62
104
216
202
115
142
83
116
180
115
123
136
156
246
185
113
235
255
255
255
170
210
174
175
238
72
88
158
55
0
16
20
67
163
181
235
193
140
124
134
120
130
144
120
107
103
191
221
163
232
218
231
230
198
98
98
98
102
106
92
111
96
87
104
81
70
45
37
40
51
73
92
63
82
89
108
2
2
2
2
2
2
2
2
3
2
1
1
3
3
3
2
0
9
6
31
34
52
115
119
61
80
76
72
78
64
57
80
52
94
86
96
100
81
102
115
120
103
72
105
137
106
143
140
164
255
190
114
230
250
251
246
197
160
168
252
213
162
185
155
73
0
7
54
116
113
118
238
152
114
131
235
207
140
118
134
105
143
255
246
202
241
232
226
226
211
113
94
90
91
96
93
113
98
87
102
79
69
44
33
44
66
68
76
72
90
91
118
2
2
2
2
2
2
2
2
4
2
0
2
5
5
2
0
0
16
16
26
10
9
60
71
78
89
89
79
73
76
85
95
92
89
87
92
95
100
116
129
143
77
83
109
97
96
153
129
145
250
185
112
226
250
253
255
166
135
158
252
219
215
183
113
22
54
115
167
103
34
143
127
149
200
178
200
148
134
131
112
98
154
255
211
208
232
241
227
231
236
141
95
90
90
97
109
115
100
86
99
78
71
44
29
20
69
73
73
75
79
77
109
3
3
3
3
3
3
3
3
5
2
1
2
6
6
2
0
9
30
34
39
22
18
60
81
78
80
86
76
61
71
80
68
96
90
103
88
89
111
104
103
152
69
99
113
81
93
144
114
125
244
182
108
208
227
232
255
146
62
47
108
177
146
84
47
40
48
210
207
102
92
181
147
206
255
245
240
188
140
142
121
105
147
210
179
216
234
242
236
227
242
152
81
80
83
93
114
116
101
86
98
80
79
50
29
32
73
75
60
47
67
123
171
3
3
3
3
3
3
3
3
5
3
1
3
5
6
3
0
0
10
13
15
8
8
42
71
80
74
81
78
70
88
96
70
69
99
96
68
103
99
51
94
131
62
94
98
75
91
132
115
124
252
186
109
183
182
182
231
141
40
77
128
131
55
27
12
60
154
234
152
80
62
178
254
190
238
241
255
243
127
118
109
101
133
163
187
233
235
220
229
237
249
164
79
82
89
100
123
114
102
87
98
86
90
60
32
40
61
88
98
83
117
207
230
4
4
4
4
4
4
4
4
3
3
3
2
3
4
5
6
15
24
21
16
15
15
37
71
93
82
82
82
82
102
109
85
87
82
82
78
94
80
65
126
118
68
88
85
71
84
125
119
116
249
183
116
179
164
161
233
151
105
113
98
21
36
81
86
140
249
180
148
117
34
169
209
215
248
255
250
246
145
138
116
95
128
135
191
230
230
217
239
237
238
170
82
85
93
106
124
112
102
88
100
93
101
68
34
34
42
93
146
152
173
243
219
4
4
4
4
4
4
4
4
1
3
4
2
0
1
7
12
7
15
15
12
19
23
41
84
88
79
76
76
79
90
90
75
90
66
87
106
82
60
66
93
112
71
88
89
71
79
130
113
108
239
173
122
187
165
158
245
145
126
101
112
79
139
152
120
142
145
210
246
138
53
159
247
252
248
253
255
243
147
119
109
112
145
131
174
216
232
235
239
204
197
152
73
73
80
98
111
111
103
89
102
97
108
72
31
50
48
75
131
164
175
239
219
4
4
4
4
4
4
4
4
0
3
5
2
0
0
8
17
11
19
19
12
17
18
31
77
87
86
86
90
94
95
90
82
66
86
79
75
83
65
66
104
95
58
83
97
71
77
139
105
119
242
170
124
186
154
137
229
164
97
104
174
115
88
107
97
54
77
191
235
99
87
219
242
251
255
255
240
210
165
126
99
110
145
121
142
195
217
219
182
188
179
154
83
82
89
111
121
111
103
90
102
98
110
72
28
33
50
73
130
180
173
225
222
0
2
4
4
3
3
4
5
0
7
1
1
0
9
30
17
9
19
18
17
16
9
37
95
88
70
87
122
88
95
92
82
103
89
66
83
82
71
83
92
104
58
83
100
56
72
122
112
110
226
175
137
170
146
126
226
157
105
108
129
114
111
136
157
224
120
155
208
119
225
255
244
247
248
200
195
224
155
123
117
91
147
129
106
149
165
161
178
193
177
159
93
80
90
113
125
112
110
84
89
108
99
71
32
34
44
75
131
166
174
230
226
2
3
5
4
2
1
1
2
0
10
4
2
8
28
40
9
18
21
16
17
22
17
36
79
89
106
76
102
119
90
60
100
89
58
75
115
116
62
66
92
101
55
73
93
64
83
120
101
114
229
177
136
165
138
120
223
162
102
97
103
82
104
185
255
181
106
163
209
186
255
238
235
226
219
214
240
234
141
120
115
120
111
148
187
125
156
201
179
177
166
152
85
69
83
112
129
104
107
94
96
97
86
71
37
33
42
68
112
158
158
222
230
0
2
3
2
1
0
1
2
12
5
0
1
15
31
45
21
15
21
20
20
22
24
48
87
93
79
81
106
69
89
130
98
68
65
83
114
156
81
51
114
98
67
86
97
66
82
121
112
114
230
176
133
158
130
116
224
152
107
107
113
129
173
177
152
148
157
186
231
245
243
226
233
214
206
226
254
218
128
131
122
114
112
135
225
183
169
161
166
187
182
170
93
69
82
117
138
108
102
94
99
89
84
78
38
41
41
62
103
184
170
221
221
0
0
1
1
0
1
3
5
5
0
12
68
82
54
37
18
9
21
25
18
11
25
68
112
98
132
107
112
116
92
88
80
100
60
97
118
90
71
81
94
99
71
88
94
61
76
118
115
111
226
173
130
152
123
114
229
149
76
95
131
122
95
64
65
136
237
196
252
242
190
232
227
203
213
226
231
199
131
137
115
101
136
121
219
248
161
100
173
217
217
201
111
73
82
118
140
125
99
84
92
88
92
88
34
41
42
63
96
192
170
222
226
0
1
2
0
0
0
1
4
0
0
25
81
88
51
33
15
16
19
20
14
17
50
99
130
142
142
89
103
143
81
54
99
83
94
119
134
97
77
88
138
107
68
87
103
71
86
125
115
111
224
170
127
147
117
110
229
159
90
109
118
83
60
47
77
135
251
183
249
220
197
241
214
198
216
211
213
206
137
122
102
116
130
131
224
240
120
109
205
230
232
212
112
68
77
112
132
130
99
78
84
82
91
89
37
33
42
64
84
169
152
221
237
5
5
4
1
0
0
0
2
8
24
33
45
42
40
47
26
22
13
14
28
60
111
143
141
126
68
80
88
72
83
115
90
91
94
181
244
143
64
105
129
98
53
90
114
62
71
125
122
116
226
169
126
146
113
105
224
136
91
103
69
47
75
48
25
148
216
182
244
231
255
245
214
216
212
193
204
204
124
111
111
120
116
124
224
236
112
126
213
224
228
207
105
63
77
113
128
121
102
80
81
78
83
83
45
37
43
59
88
171
171
226
217
3
3
3
1
0
1
4
6
17
50
66
68
58
59
60
26
22
16
30
61
104
151
155
119
57
129
159
73
80
114
109
110
156
189
231
255
221
54
82
145
138
55
81
115
61
77
140
128
116
223
166
125
146
114
104
223
164
92
110
92
50
43
28
60
158
210
200
243
241
253
223
217
220
206
202
212
185
112
122
117
113
121
110
222
234
124
128
214
224
227
205
102
65
84
117
127
119
107
79
79
90
91
80
44
40
47
59
89
149
170
226
207
0
0
0
0
2
5
10
15
33
53
62
67
55
50
55
34
22
27
55
88
117
144
127
73
78
231
235
70
100
131
129
238
254
255
251
244
255
100
185
255
252
102
85
133
115
153
201
153
113
219
162
123
148
117
107
226
148
85
110
86
47
48
26
47
154
231
211
238
223
173
186
207
195
200
232
237
177
116
137
97
121
127
121
239
193
112
147
235
229
231
206
102
67
86
117
123
128
111
72
77
108
109
81
37
28
53
66
70
79
115
215
235
4
0
7
10
4
4
14
51
64
45
66
112
162
101
48
32
23
55
80
102
125
98
56
61
104
133
142
95
121
242
237
251
247
255
253
249
252
144
206
255
254
116
93
218
252
255
238
255
199
223
179
142
156
124
121
216
148
91
115
84
48
50
24
54
169
229
205
238
208
131
189
220
217
186
237
243
172
113
125
104
119
105
113
235
197
99
156
220
220
240
197
77
73
80
120
130
126
98
75
80
98
99
73
47
35
45
95
64
15
86
222
223
11
0
7
3
3
15
32
65
53
54
68
113
154
114
87
39
47
87
117
125
129
100
73
99
116
171
122
81
139
227
240
255
251
255
253
255
255
131
143
236
243
63
145
255
255
217
255
239
233
200
167
193
192
133
141
207
149
91
115
84
48
51
26
58
171
222
205
236
225
170
212
234
215
200
242
220
150
131
192
199
120
113
109
222
192
116
172
215
136
190
189
91
85
80
116
128
119
91
66
69
85
86
66
44
34
47
96
71
36
97
221
237
11
4
11
4
12
36
51
72
52
53
46
88
83
48
107
91
86
90
91
92
118
112
83
104
175
241
116
63
133
167
183
222
251
250
247
255
212
109
93
178
127
113
236
248
255
102
153
252
233
212
177
238
243
151
161
223
150
91
114
84
48
51
28
64
176
213
208
230
239
215
230
241
226
166
169
184
215
253
255
188
101
110
99
209
180
110
143
148
127
181
180
84
78
76
116
135
120
91
65
66
79
80
65
50
39
47
94
93
86
100
136
117
4
6
18
14
28
57
60
65
35
50
85
207
162
52
110
91
76
80
81
61
72
79
77
132
239
255
127
54
113
114
117
158
251
214
241
249
131
96
95
130
118
92
255
255
156
53
143
172
140
207
157
198
222
114
122
207
152
91
114
84
48
50
30
70
181
210
214
223
242
238
230
231
193
180
222
239
242
243
233
161
169
163
114
210
174
119
166
175
178
203
172
66
69
77
119
134
121
92
69
69
79
78
65
55
34
46
102
120
127
87
36
0